Claim_Prediction,Duration,Age,Product Name,Sales,Commision,Type,Channel,Destination
0,-1.0182882411940357,-1.3941513184291028,-1.3409704424111877,-0.7591688625137969,-0.34660531430094327,1,1,1
0,-0.9745688000240268,-1.3941513184291028,-1.3409704424111877,-0.4549852973885683,0.05198812896498841,1,1,1
0,-0.9745688000240268,-0.1664563102058535,-0.547273168154284,-0.9463587487447068,-0.7582673950510038,1,1,1
0,-0.9745688000240268,-0.1664563102058535,-0.547273168154284,-0.8761625414081156,-0.7582673950510038,1,1,1
0,-0.9745688000240268,-0.1664563102058535,0.2464241061026197,-0.7123713909560694,-0.7582673950510038,1,1,1
0,-0.9745688000240268,2.1773250691294406,-0.547273168154284,-0.9463587487447068,-0.7582673950510038,4,4,4
0,-0.9527090794390224,-1.7289772297627164,-1.3409704424111877,-0.5485802405040232,-0.31720087996165325,1,1,1
0,-0.9527090794390224,-0.278064947317058,-0.547273168154284,-0.9463587487447068,-0.7582673950510038,1,1,1
0,-0.9527090794390224,-0.278064947317058,0.2464241061026197,-0.7123713909560694,-0.7582673950510038,1,1,1
0,-0.9527090794390224,-0.278064947317058,0.2464241061026197,-0.5485802405040232,-0.7582673950510038,1,1,1
0,-0.9527090794390224,-0.278064947317058,1.0401213803595233,-0.5017827689462958,-0.0381854696755011,1,1,1
0,-0.9527090794390224,-0.1664563102058535,-0.547273168154284,-0.9463587487447068,-0.7582673950510038,1,1,1
0,-0.9527090794390224,-0.1664563102058535,-0.547273168154284,-0.8527638056292518,-0.7582673950510038,1,1,1
0,-0.9527090794390224,-0.1664563102058535,-0.547273168154284,-0.7123713909560694,-0.7582673950510038,1,1,1
0,-0.9527090794390224,-0.1664563102058535,-0.547273168154284,0.1299830970830252,-0.7582673950510038,1,1,1
0,-0.9527090794390224,-0.1664563102058535,-0.547273168154284,2.1539737419547387,-0.7582673950510038,1,1,1
0,-0.9527090794390224,-0.1664563102058535,0.2464241061026197,-0.7123713909560694,-0.7582673950510038,2,2,2
0,-0.9527090794390224,-0.054847673094649024,-1.3409704424111877,-0.8644631735186837,-0.5374074215692254,1,1,1
0,-0.9527090794390224,0.05676096401655546,-1.3409704424111877,-0.665573919398342,-0.25512485191204093,1,1,1
0,-0.9527090794390224,0.6148041495725779,-1.3409704424111877,-0.7591688625137969,-0.34660531430094327,1,1,1
0,-0.9527090794390224,0.7264127866837824,-1.3409704424111877,-0.7591688625137969,-0.34660531430094327,1,1,1
0,-0.9527090794390224,1.1728473351286004,-1.3409704424111877,-0.8293650698503882,-0.5132304422235868,1,1,1
0,-0.9527090794390224,1.2844559722398048,-0.547273168154284,-0.9463587487447068,-0.7582673950510038,1,1,1
0,-0.9527090794390224,1.5076732464622138,0.2464241061026197,-0.7123713909560694,-0.7582673950510038,1,1,1
0,-0.9527090794390224,1.7308905206846228,-0.547273168154284,-0.9463587487447068,-0.7582673950510038,1,1,1
0,-0.9527090794390224,2.065716432018236,-0.547273168154284,-0.9463587487447068,-0.7582673950510038,1,1,1
0,-0.930849358854018,-1.5057599555403074,-1.3409704424111877,-0.7310903795791605,-0.44462009543191006,1,1,1
0,-0.930849358854018,-0.6128908586506715,1.0401213803595233,-0.5485802405040232,0.3885055441813078,1,1,1
0,-0.930849358854018,-0.278064947317058,0.2464241061026197,-0.7123713909560694,-0.7582673950510038,1,1,1
0,-0.930849358854018,-0.1664563102058535,-0.547273168154284,-0.9463587487447068,-0.7582673950510038,2,2,2
0,-0.930849358854018,-0.1664563102058535,-0.547273168154284,-0.5017827689462958,-0.7582673950510038,1,1,1
0,-0.930849358854018,-0.1664563102058535,0.2464241061026197,-0.9486986223225932,-0.37012886177237525,1,1,1
0,-0.930849358854018,-0.1664563102058535,0.2464241061026197,-0.7123713909560694,-0.7582673950510038,2,2,2
0,-0.930849358854018,-0.1664563102058535,0.2464241061026197,-0.12740299648447595,-0.7582673950510038,1,1,1
0,-0.930849358854018,-0.054847673094649024,-1.3409704424111877,-0.8644631735186837,-0.5374074215692254,1,1,1
0,-0.930849358854018,-0.054847673094649024,-1.3409704424111877,-0.6889726551772056,-0.41521566109262004,1,1,1
0,-0.930849358854018,-0.054847673094649024,0.2464241061026197,-0.48540365390109114,0.4061482047848818,1,1,1
0,-0.930849358854018,0.16836960112775995,-1.3409704424111877,-0.590697964905978,-0.34660531430094327,1,1,1
0,-0.930849358854018,0.7264127866837824,1.8338186546164272,-0.8293650698503882,-0.5132304422235868,1,1,1
0,-0.930849358854018,1.0612386980173958,0.2464241061026197,-0.4081878258308408,-0.7582673950510038,1,1,1
0,-0.930849358854018,1.3960646093510092,0.2464241061026197,-0.665573919398342,-0.7582673950510038,1,1,1
0,-0.930849358854018,1.9541077949070318,0.2464241061026197,-0.48540365390109114,0.4061482047848818,1,1,1
0,-0.930849358854018,2.1773250691294406,-1.3409704424111877,-0.8293650698503882,-0.3662082705271366,1,1,1
0,-0.930849358854018,2.1773250691294406,-1.3409704424111877,-0.665573919398342,-0.25512485191204093,1,1,1
0,-0.9089896382690135,-1.6173685926515118,-0.547273168154284,-0.9463587487447068,-0.7582673950510038,1,1,1
0,-0.9089896382690135,-1.3941513184291028,-1.3409704424111877,-0.36139035427311333,-0.25512485191204093,1,1,1
0,-0.9089896382690135,-1.3941513184291028,0.2464241061026197,-0.5017827689462958,-0.13293309143543564,1,1,1
0,-0.9089896382690135,-1.2825426813178984,-1.3409704424111877,-0.8059663340715244,-0.4968946453684257,1,1,1
0,-0.9089896382690135,-0.8361081328730804,-1.3409704424111877,-0.8293650698503882,-0.3662082705271366,2,2,2
0,-0.9089896382690135,-0.8361081328730804,-1.3409704424111877,-0.665573919398342,-0.25512485191204093,1,1,1
0,-0.9089896382690135,-0.7244994957618759,0.2464241061026197,-1.1803461065333443,-0.37012886177237525,1,1,1
0,-0.9089896382690135,-0.501282221539467,-1.3409704424111877,-0.665573919398342,-0.25512485191204093,1,1,1
0,-0.9089896382690135,-0.3896735844282625,0.2464241061026197,-0.48540365390109114,0.4061482047848818,1,1,1
0,-0.9089896382690135,-0.1664563102058535,-0.547273168154284,-0.9463587487447068,-0.7582673950510038,1,1,1
0,-0.9089896382690135,-0.1664563102058535,-0.547273168154284,-0.9229600129658431,-0.7582673950510038,1,1,1
0,-0.9089896382690135,-0.1664563102058535,-0.547273168154284,-0.8761625414081156,-0.7582673950510038,1,1,1
0,-0.9089896382690135,-0.1664563102058535,-0.547273168154284,-0.8527638056292518,-0.7582673950510038,1,1,1
0,-0.9089896382690135,-0.1664563102058535,-0.547273168154284,-0.571978976282887,-0.7582673950510038,1,1,1
0,-0.9089896382690135,-0.1664563102058535,-0.547273168154284,-0.4081878258308408,-0.7582673950510038,1,1,1
0,-0.9089896382690135,-0.1664563102058535,0.2464241061026197,-0.3847890900519771,-0.7582673950510038,1,1,1
0,-0.9089896382690135,-0.1664563102058535,0.2464241061026197,0.059786889746433966,-0.7582673950510038,1,1,1
0,-0.9089896382690135,-0.054847673094649024,-1.3409704424111877,-0.8293650698503882,-0.3662082705271366,1,1,1
0,-0.9089896382690135,-0.054847673094649024,-1.3409704424111877,-0.7591688625137969,-0.34660531430094327,1,1,1
0,-0.9089896382690135,0.6148041495725779,-1.3409704424111877,-0.8644631735186837,-0.5374074215692254,1,1,1
0,-0.9089896382690135,0.6148041495725779,-1.3409704424111877,-0.7591688625137969,-0.34660531430094327,1,1,1
0,-0.9089896382690135,0.7264127866837824,0.2464241061026197,-0.7170511381118422,0.01800967150625328,1,1,1
0,-0.9089896382690135,1.1728473351286004,-1.3409704424111877,-0.7591688625137969,-0.34660531430094327,1,1,1
0,-0.9089896382690135,1.1728473351286004,0.2464241061026197,-1.0764557196751892,-0.6765884107751982,1,1,1
0,-0.9089896382690135,1.3960646093510092,-1.3409704424111877,-0.7591688625137969,-0.34660531430094327,1,1,1
0,-0.9089896382690135,2.1773250691294406,1.0401213803595233,-0.5953777120617507,0.30355940053446984,1,1,1
0,-0.8871299176840091,-1.8405858668739208,-0.547273168154284,-0.3145928827153859,-0.7582673950510038,1,1,1
0,-0.8871299176840091,-1.5057599555403074,-1.3409704424111877,-0.7696982936142857,-0.4714108022743743,1,1,1
0,-0.8871299176840091,-1.1709340442066938,-0.547273168154284,-0.9463587487447068,-0.7582673950510038,1,1,1
0,-0.8871299176840091,-0.8361081328730804,1.0401213803595233,-0.5953777120617507,0.30355940053446984,1,1,1
0,-0.8871299176840091,-0.7244994957618759,0.2464241061026197,-0.48540365390109114,0.4061482047848818,1,1,1
0,-0.8871299176840091,-0.278064947317058,-1.3409704424111877,-0.7696982936142857,-0.4714108022743743,1,1,1
0,-0.8871299176840091,-0.1664563102058535,-0.547273168154284,-0.9463587487447068,-0.7582673950510038,4,4,4
0,-0.8871299176840091,-0.1664563102058535,0.2464241061026197,-0.7123713909560694,-0.7582673950510038,4,4,4
0,-0.8871299176840091,-0.1664563102058535,0.2464241061026197,-0.36139035427311333,-0.7582673950510038,1,1,1
0,-0.8871299176840091,-0.1664563102058535,0.2464241061026197,-0.12740299648447595,-0.7582673950510038,1,1,1
0,-0.8871299176840091,0.16836960112775995,0.2464241061026197,-0.48540365390109114,0.4061482047848818,1,1,1
0,-0.8871299176840091,0.5031955124613734,-1.3409704424111877,-0.8059663340715244,-0.4968946453684257,1,1,1
0,-0.8871299176840091,0.7264127866837824,-0.547273168154284,-0.9463587487447068,-0.7582673950510038,1,1,1
0,-0.8871299176840091,1.5076732464622138,-1.3409704424111877,-0.8059663340715244,-0.4968946453684257,1,1,1
0,-0.8871299176840091,1.6192818835734182,-1.3409704424111877,-0.4081878258308408,-0.003553580342559422,1,1,1
0,-0.8871299176840091,1.7308905206846228,1.8338186546164272,-0.65387455150891,-0.3903852498727751,1,1,1
0,-0.8871299176840091,2.1773250691294406,-0.547273168154284,-0.9463587487447068,-0.7582673950510038,1,1,1
0,-0.8871299176840091,2.1773250691294406,1.8338186546164272,-0.7474694946243651,-0.45572843729341966,1,1,1
0,-0.8652701970990045,-1.7289772297627164,-1.3409704424111877,0.17678056864075264,0.6818964557000017,1,1,1
0,-0.8652701970990045,-1.6173685926515118,-0.547273168154284,-0.36139035427311333,-0.7582673950510038,1,1,1
0,-0.8652701970990045,-0.7244994957618759,-1.3409704424111877,-0.8059663340715244,-0.4968946453684257,1,1,1
0,-0.8652701970990045,-0.7244994957618759,-1.3409704424111877,-0.6889726551772056,-0.41521566109262004,1,1,1
0,-0.8652701970990045,-0.7244994957618759,0.2464241061026197,-0.02210868547958912,1.1824252713421388,1,1,1
0,-0.8652701970990045,-0.501282221539467,-1.3409704424111877,-0.7123713909560694,-0.43155145794778116,1,1,1
0,-0.8652701970990045,-0.1664563102058535,-0.547273168154284,-0.9463587487447068,-0.7582673950510038,1,1,1
0,-0.8652701970990045,-0.1664563102058535,-0.547273168154284,-0.8995612771869793,-0.7582673950510038,1,1,1
0,-0.8652701970990045,-0.1664563102058535,-0.547273168154284,-0.26779541115765837,-0.7582673950510038,1,1,1
0,-0.8652701970990045,-0.1664563102058535,-0.547273168154284,-0.17420046804220343,-0.7582673950510038,1,1,1
0,-0.8652701970990045,-0.1664563102058535,-0.547273168154284,0.15338183286188892,-0.7582673950510038,1,1,1
0,-0.8652701970990045,-0.1664563102058535,0.2464241061026197,-0.7123713909560694,-0.7582673950510038,1,1,1
0,-0.8652701970990045,-0.1664563102058535,0.2464241061026197,-0.6889726551772056,-0.7582673950510038,1,1,1
0,-0.8652701970990045,-0.1664563102058535,0.2464241061026197,-0.571978976282887,-0.7582673950510038,1,1,1
0,-0.8652701970990045,-0.1664563102058535,0.2464241061026197,-0.2537561696903401,0.7942867380635104,1,1,1
0,-0.8652701970990045,-0.054847673094649024,0.2464241061026197,-0.02210868547958912,1.1824252713421388,1,1,1
0,-0.8652701970990045,0.16836960112775995,-1.3409704424111877,-0.6304758157300463,-0.374049453017614,1,1,1
0,-0.8652701970990045,0.16836960112775995,0.2464241061026197,-0.7170511381118422,0.01800967150625328,1,1,1
0,-0.8652701970990045,1.1728473351286004,-0.547273168154284,-0.6187764478406145,-0.7582673950510038,1,1,1
0,-0.8652701970990045,1.2844559722398048,-1.3409704424111877,-0.665573919398342,-0.25512485191204093,1,1,1
0,-0.8652701970990045,2.1773250691294406,-1.3409704424111877,-0.8644631735186837,-0.5374074215692254,1,1,1
0,-0.8652701970990045,2.1773250691294406,-1.3409704424111877,-0.665573919398342,-0.25512485191204093,1,1,1
0,-0.8434104765140001,-1.2825426813178984,-1.3409704424111877,-0.7310903795791605,-0.44462009543191006,1,1,1
0,-0.8434104765140001,-0.8361081328730804,-1.3409704424111877,-0.7123713909560694,-0.43155145794778116,1,1,1
0,-0.8434104765140001,-0.7244994957618759,0.2464241061026197,-0.2537561696903401,0.7942867380635104,1,1,1
0,-0.8434104765140001,-0.6128908586506715,-1.3409704424111877,-0.665573919398342,-0.25512485191204093,1,1,1
0,-0.8434104765140001,-0.278064947317058,-1.3409704424111877,-0.571978976282887,-0.1636443895231386,1,1,1
0,-0.8434104765140001,-0.1664563102058535,-0.547273168154284,-0.9463587487447068,-0.7582673950510038,1,1,1
0,-0.8434104765140001,-0.1664563102058535,-0.547273168154284,-0.7123713909560694,-0.7582673950510038,1,1,1
0,-0.8434104765140001,-0.1664563102058535,-0.547273168154284,-0.6187764478406145,-0.7582673950510038,1,1,1
0,-0.8434104765140001,-0.1664563102058535,0.2464241061026197,-0.6889726551772056,-0.7582673950510038,1,1,1
0,-0.8434104765140001,-0.1664563102058535,0.2464241061026197,-0.15080173226333968,-0.7582673950510038,1,1,1
0,-0.8434104765140001,-0.1664563102058535,0.2464241061026197,-0.057206789147884726,-0.7582673950510038,1,1,1
0,-0.8434104765140001,0.27997823823896445,0.2464241061026197,-0.02210868547958912,1.1824252713421388,1,1,1
0,-0.8434104765140001,0.5031955124613734,-1.3409704424111877,-0.665573919398342,-0.25512485191204093,1,1,1
0,-0.8434104765140001,0.7264127866837824,-1.3409704424111877,-0.7825675982926606,-0.4805588485132646,1,1,1
0,-0.8434104765140001,1.6192818835734182,-1.3409704424111877,-0.6304758157300463,-0.374049453017614,1,1,1
0,-0.8215507559289957,-0.501282221539467,-1.3409704424111877,-0.8059663340715244,-0.4968946453684257,1,1,1
0,-0.8215507559289957,-0.278064947317058,-0.547273168154284,-0.9463587487447068,-0.7582673950510038,1,1,1
0,-0.8215507559289957,-0.1664563102058535,-0.547273168154284,-0.5017827689462958,-0.7582673950510038,1,1,1
0,-0.8215507559289957,-0.1664563102058535,0.2464241061026197,-0.7123713909560694,-0.7582673950510038,4,4,4
0,-0.8215507559289957,-0.1664563102058535,0.2464241061026197,-0.3847890900519771,-0.7582673950510038,1,1,1
0,-0.8215507559289957,0.27997823823896445,-1.3409704424111877,-0.7591688625137969,-0.34660531430094327,1,1,1
0,-0.8215507559289957,0.3915868753501689,-1.3409704424111877,-0.7591688625137969,-0.34660531430094327,1,1,1
0,-0.8215507559289957,0.3915868753501689,0.2464241061026197,-0.478384033167432,-0.7582673950510038,1,1,1
0,-0.8215507559289957,1.0612386980173958,0.2464241061026197,-0.7123713909560694,-0.7582673950510038,1,1,1
0,-0.8215507559289957,1.3960646093510092,-1.3409704424111877,-0.8293650698503882,-0.3662082705271366,1,1,1
0,-0.8215507559289957,1.3960646093510092,0.2464241061026197,-0.3847890900519771,-0.7582673950510038,1,1,1
0,-0.8215507559289957,2.065716432018236,-1.3409704424111877,-0.571978976282887,-0.1636443895231386,1,1,1
0,-0.8215507559289957,2.1773250691294406,-1.3409704424111877,-0.665573919398342,-0.25512485191204093,1,1,1
0,-0.8215507559289957,2.1773250691294406,0.2464241061026197,-0.7123713909560694,-0.7582673950510038,1,1,1
0,-0.7996910353439912,-1.9521945039851252,-0.547273168154284,-0.9463587487447068,-0.7582673950510038,1,1,1
0,-0.7996910353439912,-1.1709340442066938,-1.3409704424111877,-0.12740299648447595,0.2708878068241476,1,1,1
0,-0.7996910353439912,-0.9477167699842849,-1.3409704424111877,-0.7825675982926606,-0.4805588485132646,1,1,1
0,-0.7996910353439912,-0.7244994957618759,-1.3409704424111877,-0.7123713909560694,-0.43155145794778116,1,1,1
0,-0.7996910353439912,-0.6128908586506715,0.2464241061026197,-0.7123713909560694,-0.7582673950510038,1,1,1
0,-0.7996910353439912,-0.6128908586506715,0.2464241061026197,0.012989418188706487,-0.7582673950510038,1,1,1
0,-0.7996910353439912,-0.278064947317058,-0.547273168154284,-0.26779541115765837,-0.7582673950510038,1,1,1
0,-0.7996910353439912,-0.278064947317058,0.2464241061026197,-0.7123713909560694,-0.7582673950510038,1,1,1
0,-0.7996910353439912,-0.1664563102058535,-0.547273168154284,-0.5485802405040232,-0.7582673950510038,1,1,1
0,-0.7996910353439912,-0.1664563102058535,-0.547273168154284,-0.17420046804220343,-0.7582673950510038,1,1,1
0,-0.7996910353439912,-0.1664563102058535,0.2464241061026197,-0.5485802405040232,-0.7582673950510038,1,1,1
0,-0.7996910353439912,-0.1664563102058535,0.2464241061026197,-0.5017827689462958,-0.7582673950510038,1,1,1
0,-0.7996910353439912,-0.054847673094649024,-1.3409704424111877,-0.7591688625137969,-0.34660531430094327,1,1,1
0,-0.7996910353439912,0.05676096401655546,-0.547273168154284,-0.9229600129658431,-0.7582673950510038,1,1,1
0,-0.7996910353439912,0.16836960112775995,-1.3409704424111877,-0.5485802405040232,-0.31720087996165325,1,1,1
0,-0.7996910353439912,0.27997823823896445,-1.3409704424111877,-0.665573919398342,-0.25512485191204093,1,1,1
0,-0.7996910353439912,0.9496300609061913,-1.3409704424111877,-0.7123713909560694,-0.43155145794778116,1,1,1
0,-0.7996910353439912,1.8424991577958272,-0.547273168154284,-0.8293650698503882,-0.7582673950510038,1,1,1
0,-0.7996910353439912,2.1773250691294406,-1.3409704424111877,-0.571978976282887,-0.1636443895231386,1,1,1
0,-0.7996910353439912,2.1773250691294406,0.2464241061026197,-0.7123713909560694,-0.7582673950510038,1,1,1
0,-0.7778313147589868,-1.6173685926515118,-1.3409704424111877,-0.5485802405040232,-0.31720087996165325,1,1,1
0,-0.7778313147589868,-1.3941513184291028,-1.3409704424111877,-0.01040931759015725,0.5485963533618868,1,1,1
0,-0.7778313147589868,-1.2825426813178984,-1.3409704424111877,-0.5485802405040232,-0.31720087996165325,2,2,2
0,-0.7778313147589868,-1.2825426813178984,-1.3409704424111877,-0.28300458941391976,-0.13162622768702276,1,1,1
0,-0.7778313147589868,-1.2825426813178984,-0.547273168154284,-0.9463587487447068,-0.7582673950510038,1,1,1
0,-0.7778313147589868,-0.6128908586506715,0.2464241061026197,-0.7123713909560694,-0.7582673950510038,1,1,1
0,-0.7778313147589868,-0.1664563102058535,-0.547273168154284,-0.665573919398342,-0.7582673950510038,1,1,1
0,-0.7778313147589868,-0.1664563102058535,-0.547273168154284,-0.571978976282887,-0.7582673950510038,1,1,1
0,-0.7778313147589868,-0.1664563102058535,-0.547273168154284,-0.4549852973885683,-0.7582673950510038,1,1,1
0,-0.7778313147589868,-0.1664563102058535,0.2464241061026197,-0.478384033167432,-0.7582673950510038,2,2,2
0,-0.7778313147589868,-0.1664563102058535,0.2464241061026197,0.2001793044196164,-0.7582673950510038,1,1,1
0,-0.7778313147589868,0.27997823823896445,0.2464241061026197,-0.2537561696903401,0.7942867380635104,1,1,1
0,-0.7778313147589868,0.7264127866837824,-1.3409704424111877,-0.665573919398342,-0.25512485191204093,1,1,1
0,-0.7778313147589868,1.1728473351286004,-1.3409704424111877,-0.5485802405040232,-0.31720087996165325,1,1,1
0,-0.7778313147589868,1.6192818835734182,1.8338186546164272,-0.4900834010568639,-0.27603467188664715,1,1,1
0,-0.7778313147589868,2.1773250691294406,-1.3409704424111877,-0.7123713909560694,-0.43155145794778116,1,1,1
0,-0.7778313147589868,2.1773250691294406,-1.3409704424111877,-0.665573919398342,-0.25512485191204093,1,1,1
0,-0.7778313147589868,2.1773250691294406,-1.3409704424111877,-0.571978976282887,-0.1636443895231386,1,1,1
0,-0.7559715941739824,-1.8405858668739208,-0.547273168154284,-0.8527638056292518,-0.7582673950510038,1,1,1
0,-0.7559715941739824,-1.5057599555403074,0.2464241061026197,-0.5485802405040232,-0.7582673950510038,1,1,1
0,-0.7559715941739824,-1.3941513184291028,-1.3409704424111877,-0.5485802405040232,-0.31720087996165325,1,1,1
0,-0.7559715941739824,-1.3941513184291028,-1.3409704424111877,-0.39648845794140897,-0.21069148446600258,1,1,1
0,-0.7559715941739824,-1.1709340442066938,-1.3409704424111877,-0.4900834010568639,-0.27603467188664715,1,1,1
0,-0.7559715941739824,-0.7244994957618759,0.2464241061026197,-0.36139035427311333,-0.7582673950510038,1,1,1
0,-0.7559715941739824,-0.7244994957618759,0.2464241061026197,-0.2537561696903401,0.7942867380635104,2,2,2
0,-0.7559715941739824,-0.501282221539467,-1.3409704424111877,-0.4900834010568639,-0.27603467188664715,1,1,1
0,-0.7559715941739824,-0.278064947317058,-0.547273168154284,-0.01040931759015725,-0.7582673950510038,1,1,1
0,-0.7559715941739824,-0.1664563102058535,-1.3409704424111877,-0.6328156893079327,-0.37600974864023334,1,1,1
0,-0.7559715941739824,-0.1664563102058535,-0.547273168154284,-0.9463587487447068,-0.7582673950510038,1,1,1
0,-0.7559715941739824,-0.1664563102058535,-0.547273168154284,-0.7357701267349331,-0.7582673950510038,1,1,1
0,-0.7559715941739824,-0.1664563102058535,-0.547273168154284,-0.4081878258308408,-0.7582673950510038,1,1,1
0,-0.7559715941739824,-0.1664563102058535,-0.547273168154284,-0.3145928827153859,-0.7582673950510038,1,1,1
0,-0.7559715941739824,-0.1664563102058535,-0.547273168154284,0.6681540199968912,-0.7582673950510038,1,1,1
0,-0.7559715941739824,-0.1664563102058535,0.2464241061026197,-0.7123713909560694,-0.7582673950510038,1,1,1
0,-0.7559715941739824,-0.1664563102058535,0.2464241061026197,-0.36139035427311333,-0.7582673950510038,1,1,1
0,-0.7559715941739824,-0.1664563102058535,0.2464241061026197,-0.15080173226333968,-0.7582673950510038,1,1,1
0,-0.7559715941739824,0.16836960112775995,-1.3409704424111877,-0.665573919398342,-0.25512485191204093,1,1,1
0,-0.7559715941739824,0.16836960112775995,-0.547273168154284,0.4341666622082538,-0.7582673950510038,1,1,1
0,-0.7559715941739824,0.16836960112775995,0.2464241061026197,1.136128735574166,2.0572071929360174,1,1,1
0,-0.7559715941739824,0.7264127866837824,0.2464241061026197,-0.6889726551772056,-0.7582673950510038,1,1,1
0,-0.7559715941739824,0.8380214237949869,-1.3409704424111877,-0.571978976282887,-0.1636443895231386,1,1,1
0,-0.7559715941739824,0.9496300609061913,0.2464241061026197,0.672833767152664,2.0572071929360174,1,1,1
0,-0.7559715941739824,1.1728473351286004,0.2464241061026197,-1.1653709156348713,-0.7465056213152879,1,1,1
0,-0.7559715941739824,1.6192818835734182,-1.3409704424111877,-0.7123713909560694,-0.43155145794778116,1,1,1
0,-0.7559715941739824,2.1773250691294406,-1.3409704424111877,-0.7591688625137969,-0.34660531430094327,1,1,1
0,-0.7559715941739824,2.1773250691294406,-1.3409704424111877,-0.5485802405040232,-0.31720087996165325,2,2,2
0,-0.7559715941739824,2.1773250691294406,-0.547273168154284,0.6915527557757549,-0.7582673950510038,1,1,1
0,-0.7559715941739824,2.1773250691294406,0.2464241061026197,0.48096413376598124,-0.7582673950510038,1,1,1
0,-0.7559715941739824,2.1773250691294406,1.8338186546164272,-0.4081878258308408,0.6433439751218214,1,1,1
0,-0.7341118735889779,-1.6173685926515118,-1.3409704424111877,-0.665573919398342,-0.25512485191204093,1,1,1
0,-0.7341118735889779,-1.3941513184291028,-0.547273168154284,-0.8761625414081156,-0.7582673950510038,1,1,1
0,-0.7341118735889779,-0.3896735844282625,1.0401213803595233,-0.3262922506048177,0.792326442440891,1,1,1
0,-0.7341118735889779,-0.278064947317058,0.2464241061026197,2.1539737419547387,0.7942867380635104,1,1,1
0,-0.7341118735889779,-0.1664563102058535,-0.547273168154284,-0.9229600129658431,-0.7582673950510038,1,1,1
0,-0.7341118735889779,-0.1664563102058535,-0.547273168154284,-0.7591688625137969,-0.7582673950510038,1,1,1
0,-0.7341118735889779,-0.1664563102058535,-0.547273168154284,-0.3145928827153859,-0.7582673950510038,1,1,1
0,-0.7341118735889779,-0.1664563102058535,-0.547273168154284,-0.26779541115765837,-0.7582673950510038,1,1,1
0,-0.7341118735889779,-0.1664563102058535,0.2464241061026197,-0.6421751836194782,-0.7582673950510038,1,1,1
0,-0.7341118735889779,-0.1664563102058535,0.2464241061026197,-0.43158656160970454,-0.7582673950510038,1,1,1
0,-0.7341118735889779,-0.1664563102058535,0.2464241061026197,-0.4081878258308408,-0.7582673950510038,1,1,1
0,-0.7341118735889779,-0.1664563102058535,0.2464241061026197,-0.24439667537879464,-0.7582673950510038,1,1,1
0,-0.7341118735889779,-0.1664563102058535,0.2464241061026197,-0.03380805336902099,-0.7582673950510038,1,1,1
0,-0.7341118735889779,-0.1664563102058535,0.2464241061026197,2.1539737419547387,-0.7582673950510038,1,1,1
0,-0.7341118735889779,0.27997823823896445,1.0401213803595233,-0.08060552492674847,1.2379669806496867,1,1,1
0,-0.7341118735889779,1.1728473351286004,-1.3409704424111877,-0.478384033167432,-0.5374074215692254,1,1,1
0,-0.7341118735889779,1.6192818835734182,-1.3409704424111877,-0.36139035427311333,0.0421866508518917,1,1,1
0,-0.7341118735889779,1.9541077949070318,-1.3409704424111877,-0.8059663340715244,-0.4968946453684257,1,1,1
0,-0.7341118735889779,2.1773250691294406,-0.547273168154284,-0.665573919398342,-0.7582673950510038,1,1,1
0,-0.7341118735889779,2.1773250691294406,1.0401213803595233,-0.3262922506048177,0.792326442440891,1,1,1
0,-0.7122521530039735,-1.2825426813178984,0.2464241061026197,0.012989418188706487,-0.7582673950510038,1,1,1
0,-0.7122521530039735,-1.1709340442066938,0.2464241061026197,-0.48540365390109114,0.4061482047848818,1,1,1
0,-0.7122521530039735,-0.8361081328730804,-1.3409704424111877,-0.7591688625137969,-0.34660531430094327,1,1,1
0,-0.7122521530039735,-0.7244994957618759,0.2464241061026197,1.136128735574166,2.0572071929360174,1,1,1
0,-0.7122521530039735,-0.278064947317058,-1.3409704424111877,-0.39648845794140897,-0.21069148446600258,1,1,1
0,-0.7122521530039735,-0.1664563102058535,0.2464241061026197,-0.7123713909560694,-0.7582673950510038,1,1,1
0,-0.7122521530039735,-0.1664563102058535,0.2464241061026197,-0.3145928827153859,-0.7582673950510038,1,1,1
0,-0.7122521530039735,0.9496300609061913,0.2464241061026197,-0.7123713909560694,-0.7582673950510038,1,1,1
0,-0.7122521530039735,1.3960646093510092,-1.3409704424111877,-0.7591688625137969,-0.34660531430094327,1,1,1
0,-0.7122521530039735,1.7308905206846228,0.2464241061026197,-0.6889726551772056,-0.7582673950510038,1,1,1
0,-0.7122521530039735,1.7308905206846228,0.2464241061026197,0.672833767152664,2.0572071929360174,1,1,1
0,-0.7122521530039735,2.065716432018236,0.2464241061026197,1.136128735574166,2.0572071929360174,1,1,1
0,-0.690392432418969,-2.1754117782075344,-1.3409704424111877,-0.571978976282887,-0.1636443895231386,1,1,1
0,-0.690392432418969,-0.9477167699842849,-1.3409704424111877,-0.36139035427311333,0.0421866508518917,1,1,1
0,-0.690392432418969,-0.8361081328730804,-1.3409704424111877,-1.1803461065333443,-0.43155145794778116,1,1,1
0,-0.690392432418969,-0.278064947317058,0.2464241061026197,-0.19759920382106716,-0.7582673950510038,1,1,1
0,-0.690392432418969,-0.1664563102058535,-1.3409704424111877,-0.571978976282887,-0.1636443895231386,1,1,1
0,-0.690392432418969,-0.1664563102058535,-0.547273168154284,-0.8761625414081156,-0.7582673950510038,1,1,1
0,-0.690392432418969,-0.1664563102058535,-0.547273168154284,-0.665573919398342,-0.7582673950510038,1,1,1
0,-0.690392432418969,-0.1664563102058535,-0.547273168154284,-0.5251815047251595,-0.7582673950510038,1,1,1
0,-0.690392432418969,-0.1664563102058535,-0.547273168154284,-0.4549852973885683,-0.7582673950510038,1,1,1
0,-0.690392432418969,-0.1664563102058535,-0.547273168154284,0.41076792642939003,-0.7582673950510038,1,1,1
0,-0.690392432418969,-0.1664563102058535,0.2464241061026197,-0.7123713909560694,-0.7582673950510038,1,1,1
0,-0.690392432418969,-0.1664563102058535,0.2464241061026197,-0.5485802405040232,-0.7582673950510038,1,1,1
0,-0.690392432418969,-0.1664563102058535,0.2464241061026197,-0.02210868547958912,1.1824252713421388,1,1,1
0,-0.690392432418969,0.6148041495725779,0.2464241061026197,-0.2537561696903401,0.7942867380635104,1,1,1
0,-0.690392432418969,0.9496300609061913,-0.547273168154284,-0.8995612771869793,-0.7582673950510038,1,1,1
0,-0.690392432418969,1.0612386980173958,-1.3409704424111877,-0.7591688625137969,-0.34660531430094327,1,1,1
0,-0.690392432418969,2.1773250691294406,-1.3409704424111877,-0.6328156893079327,-0.37600974864023334,1,1,1
0,-0.690392432418969,2.1773250691294406,0.2464241061026197,-0.478384033167432,-0.07216392713423622,1,1,1
0,-0.6685327118339646,-1.3941513184291028,-1.3409704424111877,2.1539737419547387,-0.25512485191204093,1,1,1
0,-0.6685327118339646,-1.3941513184291028,0.2464241061026197,-0.7123713909560694,-0.7582673950510038,1,1,1
0,-0.6685327118339646,-1.3941513184291028,0.2464241061026197,-0.5017827689462958,-0.13293309143543564,1,1,1
0,-0.6685327118339646,-1.1709340442066938,-0.547273168154284,-0.9463587487447068,-0.7582673950510038,1,1,1
0,-0.6685327118339646,-0.1664563102058535,-0.547273168154284,-0.9463587487447068,-0.7582673950510038,1,1,1
0,-0.6685327118339646,-0.1664563102058535,-0.547273168154284,0.6915527557757549,-0.7582673950510038,1,1,1
0,-0.6685327118339646,-0.1664563102058535,0.2464241061026197,-0.7123713909560694,-0.7582673950510038,3,3,3
0,-0.6685327118339646,-0.1664563102058535,0.2464241061026197,-0.5251815047251595,-0.7582673950510038,1,1,1
0,-0.6685327118339646,-0.1664563102058535,0.2464241061026197,-0.24439667537879464,-0.7582673950510038,1,1,1
0,-0.6685327118339646,0.5031955124613734,0.2464241061026197,-0.9486986223225932,-0.37012886177237525,1,1,1
0,-0.6685327118339646,0.8380214237949869,-0.547273168154284,-1.1803461065333443,-0.7582673950510038,1,1,1
0,-0.6685327118339646,0.9496300609061913,1.8338186546164272,-0.7474694946243651,-0.45572843729341966,1,1,1
0,-0.6685327118339646,1.0612386980173958,-1.3409704424111877,-0.4081878258308408,-0.003553580342559422,1,1,1
0,-0.6685327118339646,2.1773250691294406,-1.3409704424111877,0.17678056864075264,0.5681993095880803,1,1,1
0,-0.6466729912489602,-1.1709340442066938,0.2464241061026197,-0.48540365390109114,0.4061482047848818,1,1,1
0,-0.6466729912489602,-0.8361081328730804,0.2464241061026197,-0.48540365390109114,0.4061482047848818,1,1,1
0,-0.6466729912489602,-0.7244994957618759,-0.547273168154284,-0.571978976282887,-0.7582673950510038,1,1,1
0,-0.6466729912489602,-0.1664563102058535,-1.3409704424111877,0.5277616053237087,0.911251043546464,1,1,1
0,-0.6466729912489602,-0.1664563102058535,-0.547273168154284,-0.7591688625137969,-0.7582673950510038,1,1,1
0,-0.6466729912489602,-0.1664563102058535,-0.547273168154284,-0.4081878258308408,-0.7582673950510038,1,1,1
0,-0.6466729912489602,-0.1664563102058535,-0.547273168154284,0.6915527557757549,-0.7582673950510038,1,1,1
0,-0.6466729912489602,-0.1664563102058535,-0.547273168154284,2.1539737419547387,-0.7582673950510038,1,1,1
0,-0.6466729912489602,-0.1664563102058535,0.2464241061026197,-0.19759920382106716,-0.7582673950510038,1,1,1
0,-0.6466729912489602,-0.1664563102058535,0.2464241061026197,0.38736919065052633,-0.7582673950510038,1,1,1
0,-0.6466729912489602,0.05676096401655546,0.2464241061026197,-0.5953777120617507,-0.7582673950510038,1,1,1
0,-0.6466729912489602,0.9496300609061913,-1.3409704424111877,-0.05018716841422567,0.030424877116175707,1,1,1
0,-0.6466729912489602,2.1773250691294406,-1.3409704424111877,-0.08060552492674847,0.009515057141569439,1,1,1
0,-0.6248132706639556,-1.6173685926515118,1.0401213803595233,-0.302893514825954,0.8347995142643099,1,1,1
0,-0.6248132706639556,-1.3941513184291028,-1.3409704424111877,0.504362869544845,1.1236164026635587,1,1,1
0,-0.6248132706639556,-1.0593254070954894,-1.3409704424111877,-0.5602796083934551,-0.3250420624521306,1,1,1
0,-0.6248132706639556,-0.8361081328730804,-0.547273168154284,0.6915527557757549,-0.7582673950510038,1,1,1
0,-0.6248132706639556,-0.3896735844282625,-1.3409704424111877,-0.8644631735186837,-0.5374074215692254,1,1,1
0,-0.6248132706639556,-0.278064947317058,0.2464241061026197,-0.4081878258308408,-0.7582673950510038,1,1,1
0,-0.6248132706639556,-0.1664563102058535,-0.547273168154284,-0.17420046804220343,-0.7582673950510038,1,1,1
0,-0.6248132706639556,-0.1664563102058535,0.2464241061026197,-0.7123713909560694,-0.7582673950510038,1,1,1
0,-0.6248132706639556,-0.1664563102058535,0.2464241061026197,1.4403123006993945,-0.7582673950510038,1,1,1
0,-0.6248132706639556,-0.054847673094649024,0.2464241061026197,-0.48540365390109114,0.4061482047848818,1,1,1
0,-0.6248132706639556,0.3915868753501689,-1.3409704424111877,-0.5485802405040232,-0.31720087996165325,1,1,1
0,-0.6248132706639556,2.1773250691294406,0.2464241061026197,-0.7123713909560694,-0.7582673950510038,1,1,1
0,-0.6248132706639556,2.1773250691294406,0.2464241061026197,-0.478384033167432,-0.07216392713423622,1,1,1
0,-0.6029535500789512,-1.9521945039851252,-0.547273168154284,-0.9463587487447068,-0.7582673950510038,1,1,1
0,-0.6029535500789512,-1.7289772297627164,-1.3409704424111877,-0.23269730748936276,-0.09634090647987466,1,1,1
0,-0.6029535500789512,-0.7244994957618759,0.2464241061026197,-0.48540365390109114,0.4061482047848818,1,1,1
0,-0.6029535500789512,-0.1664563102058535,-0.547273168154284,-0.8527638056292518,-0.7582673950510038,1,1,1
0,-0.6029535500789512,-0.1664563102058535,-0.547273168154284,-0.5485802405040232,-0.7582673950510038,1,1,1
0,-0.6029535500789512,-0.1664563102058535,-0.547273168154284,0.45756539798711754,-0.7582673950510038,1,1,1
0,-0.6029535500789512,-0.1664563102058535,0.2464241061026197,-0.3379916184942496,-0.7582673950510038,1,1,1
0,-0.6029535500789512,0.05676096401655546,-1.3409704424111877,-0.478384033167432,-0.07216392713423622,1,1,1
0,-0.6029535500789512,0.05676096401655546,0.2464241061026197,-0.02210868547958912,1.1824252713421388,1,1,1
0,-0.6029535500789512,0.8380214237949869,0.2464241061026197,-0.48540365390109114,0.4061482047848818,1,1,1
0,-0.6029535500789512,1.1728473351286004,-1.3409704424111877,-0.5251815047251595,-0.06301588089534596,1,1,1
0,-0.5810938294939468,-1.1709340442066938,0.2464241061026197,-0.4081878258308408,-0.7582673950510038,1,1,1
0,-0.5810938294939468,-1.0593254070954894,0.2464241061026197,-0.7123713909560694,-0.7582673950510038,1,1,1
0,-0.5810938294939468,-0.9477167699842849,0.2464241061026197,-0.2537561696903401,0.7942867380635104,1,1,1
0,-0.5810938294939468,-0.7244994957618759,0.2464241061026197,-0.48540365390109114,0.4061482047848818,1,1,1
0,-0.5810938294939468,-0.6128908586506715,-1.3409704424111877,-0.4081878258308408,-0.003553580342559422,1,1,1
0,-0.5810938294939468,-0.278064947317058,-1.3409704424111877,-0.7825675982926606,-0.4805588485132646,1,1,1
0,-0.5810938294939468,-0.1664563102058535,-0.547273168154284,-0.9463587487447068,-0.7582673950510038,1,1,1
0,-0.5810938294939468,-0.1664563102058535,-0.547273168154284,-0.01040931759015725,-0.7582673950510038,1,1,1
0,-0.5810938294939468,-0.1664563102058535,0.2464241061026197,-0.26779541115765837,-0.7582673950510038,1,1,1
0,-0.5810938294939468,1.3960646093510092,0.2464241061026197,-0.02210868547958912,1.1824252713421388,1,1,1
0,-0.5592341089089423,-1.5057599555403074,-1.3409704424111877,-0.6304758157300463,-0.374049453017614,1,1,1
0,-0.5592341089089423,-0.1664563102058535,-1.3409704424111877,-0.5485802405040232,-0.31720087996165325,1,1,1
0,-0.5592341089089423,-0.1664563102058535,-0.547273168154284,-0.6421751836194782,-0.7582673950510038,1,1,1
0,-0.5592341089089423,-0.1664563102058535,0.2464241061026197,-0.7123713909560694,-0.7582673950510038,1,1,1
0,-0.5592341089089423,1.1728473351286004,0.2464241061026197,0.44118628294191287,1.9587023378993957,1,1,1
0,-0.5592341089089423,1.8424991577958272,0.2464241061026197,-0.7123713909560694,-0.7582673950510038,1,1,1
0,-0.5373743883239379,-1.3941513184291028,-0.547273168154284,-0.9463587487447068,-0.7582673950510038,1,1,1
0,-0.5373743883239379,-1.2825426813178984,-0.547273168154284,-0.8995612771869793,-0.7582673950510038,1,1,1
0,-0.5373743883239379,-0.1664563102058535,-0.547273168154284,-0.2911941469365221,-0.7582673950510038,1,1,1
0,-0.5373743883239379,-0.1664563102058535,-0.547273168154284,0.6447552842180274,-0.7582673950510038,1,1,1
0,-0.5373743883239379,-0.1664563102058535,0.2464241061026197,0.7617489631123461,-0.7582673950510038,1,1,1
0,-0.5373743883239379,-0.1664563102058535,0.2464241061026197,1.1829262071318933,-0.7582673950510038,1,1,1
0,-0.5373743883239379,0.5031955124613734,-1.3409704424111877,-0.665573919398342,-0.25512485191204093,1,1,1
0,-0.5373743883239379,0.9496300609061913,0.2464241061026197,-0.9486986223225932,-0.37012886177237525,1,1,1
0,-0.5373743883239379,1.0612386980173958,-1.3409704424111877,-0.7065217070113535,-0.4276308667025425,1,1,1
0,-0.5373743883239379,1.1728473351286004,1.0401213803595233,-0.2911941469365221,0.1852882313031032,1,1,1
0,-0.5373743883239379,1.3960646093510092,0.2464241061026197,0.20953879873116185,1.5705638046207673,1,1,1
0,-0.5373743883239379,1.9541077949070318,0.2464241061026197,-0.7123713909560694,-0.7582673950510038,1,1,1
0,-0.5155146677389334,-1.6173685926515118,-0.547273168154284,-0.9229600129658431,-0.7582673950510038,1,1,1
0,-0.5155146677389334,-1.5057599555403074,1.0401213803595233,0.1299830970830252,1.620224627060457,1,1,1
0,-0.5155146677389334,-0.6128908586506715,-0.547273168154284,-0.7825675982926606,-0.7582673950510038,1,1,1
0,-0.5155146677389334,-0.3896735844282625,-1.3409704424111877,-0.8293650698503882,-0.3662082705271366,1,1,1
0,-0.5155146677389334,-0.1664563102058535,-0.547273168154284,-0.5953777120617507,-0.7582673950510038,1,1,1
0,-0.5155146677389334,-0.1664563102058535,-0.547273168154284,-0.5017827689462958,-0.7582673950510038,1,1,1
0,-0.5155146677389334,-0.1664563102058535,-0.547273168154284,-0.43158656160970454,-0.7582673950510038,1,1,1
0,-0.5155146677389334,-0.1664563102058535,0.2464241061026197,-0.7123713909560694,-0.7582673950510038,2,2,2
0,-0.5155146677389334,1.1728473351286004,-1.3409704424111877,-0.5251815047251595,-0.06301588089534596,1,1,1
0,-0.5155146677389334,2.1773250691294406,0.2464241061026197,-0.2537561696903401,0.7942867380635104,1,1,1
0,-0.5155146677389334,2.1773250691294406,1.8338186546164272,-0.5602796083934551,0.3675957242067015,1,1,1
0,-0.493654947153929,-1.8405858668739208,-0.547273168154284,-0.5017827689462958,-0.7582673950510038,1,1,1
0,-0.493654947153929,-1.3941513184291028,1.8338186546164272,-1.1803461065333443,-0.3903852498727751,1,1,1
0,-0.493654947153929,-0.8361081328730804,-1.3409704424111877,-0.8644631735186837,-0.5374074215692254,1,1,1
0,-0.493654947153929,-0.7244994957618759,0.2464241061026197,-0.7170511381118422,0.01800967150625328,1,1,1
0,-0.493654947153929,-0.1664563102058535,0.2464241061026197,-0.7123713909560694,-0.7582673950510038,1,1,1
0,-0.493654947153929,1.0612386980173958,0.2464241061026197,0.44118628294191287,1.9587023378993957,1,1,1
0,-0.47179522656892453,-0.1664563102058535,-0.547273168154284,-0.8293650698503882,-0.7582673950510038,1,1,1
0,-0.47179522656892453,-0.1664563102058535,-0.547273168154284,-0.5953777120617507,-0.7582673950510038,1,1,1
0,-0.47179522656892453,-0.1664563102058535,0.2464241061026197,-0.10400426070561221,-0.7582673950510038,1,1,1
0,-0.47179522656892453,-0.1664563102058535,0.2464241061026197,0.012989418188706487,-0.7582673950510038,1,1,1
0,-0.47179522656892453,1.1728473351286004,0.2464241061026197,-1.003685651402923,-0.5857613802605022,1,1,1
0,-0.47179522656892453,1.9541077949070318,-1.3409704424111877,-0.5602796083934551,-0.3250420624521306,1,1,1
0,-0.4499355059839201,-1.9521945039851252,-0.547273168154284,-0.6889726551772056,-0.7582673950510038,1,1,1
0,-0.4499355059839201,-1.1709340442066938,-1.3409704424111877,-0.5602796083934551,-0.3250420624521306,1,1,1
0,-0.4499355059839201,-0.9477167699842849,0.2464241061026197,-0.7123713909560694,-0.7582673950510038,1,1,1
0,-0.4499355059839201,-0.1664563102058535,-1.3409704424111877,-0.665573919398342,-0.25512485191204093,1,1,1
0,-0.4499355059839201,-0.1664563102058535,-0.547273168154284,-0.9463587487447068,-0.7582673950510038,1,1,1
0,-0.4499355059839201,-0.1664563102058535,-0.547273168154284,-0.6889726551772056,-0.7582673950510038,1,1,1
0,-0.4499355059839201,-0.1664563102058535,0.2464241061026197,-0.665573919398342,-0.7582673950510038,1,1,1
0,-0.4499355059839201,-0.1664563102058535,0.2464241061026197,-0.2911941469365221,-0.7582673950510038,1,1,1
0,-0.4499355059839201,-0.1664563102058535,0.2464241061026197,-0.26779541115765837,-0.7582673950510038,1,1,1
0,-0.4499355059839201,-0.1664563102058535,0.2464241061026197,0.6681540199968912,-0.7582673950510038,1,1,1
0,-0.4499355059839201,-0.1664563102058535,0.2464241061026197,1.4403123006993945,-0.7582673950510038,1,1,1
0,-0.4499355059839201,1.3960646093510092,-1.3409704424111877,-0.36139035427311333,0.0421866508518917,1,1,1
0,-0.42807578539891566,-1.9521945039851252,-1.3409704424111877,-0.36139035427311333,0.0421866508518917,1,1,1
0,-0.42807578539891566,-1.1709340442066938,-1.3409704424111877,-0.7123713909560694,-0.43155145794778116,1,1,1
0,-0.42807578539891566,-0.7244994957618759,0.2464241061026197,-0.2537561696903401,0.7942867380635104,1,1,1
0,-0.42807578539891566,-0.7244994957618759,0.2464241061026197,0.20953879873116185,1.5705638046207673,1,1,1
0,-0.42807578539891566,-0.278064947317058,0.2464241061026197,-0.7123713909560694,-0.7582673950510038,1,1,1
0,-0.42807578539891566,-0.1664563102058535,-1.3409704424111877,-0.7591688625137969,-0.34660531430094327,1,1,1
0,-0.42807578539891566,-0.1664563102058535,-0.547273168154284,-0.7591688625137969,-0.7582673950510038,1,1,1
0,-0.42807578539891566,-0.1664563102058535,0.2464241061026197,-1.1803461065333443,-0.7582673950510038,1,1,1
0,-0.42807578539891566,-0.1664563102058535,0.2464241061026197,-0.6187764478406145,-0.7582673950510038,1,1,1
0,-0.42807578539891566,-0.1664563102058535,0.2464241061026197,-0.24439667537879464,-0.7582673950510038,1,1,1
0,-0.42807578539891566,-0.054847673094649024,-1.3409704424111877,-0.26779541115765837,-0.12117131769971963,1,1,1
0,-0.42807578539891566,1.1728473351286004,-1.3409704424111877,-0.8293650698503882,-0.3662082705271366,1,1,1
0,-0.4062160648139112,-1.7289772297627164,-0.547273168154284,-0.9463587487447068,-0.7582673950510038,1,1,1
0,-0.4062160648139112,-0.9477167699842849,0.2464241061026197,-1.1803461065333443,-0.37012886177237525,1,1,1
0,-0.4062160648139112,-0.7244994957618759,-1.3409704424111877,-0.4549852973885683,0.05198812896498841,1,1,1
0,-0.4062160648139112,-0.501282221539467,0.2464241061026197,-0.7123713909560694,-0.7582673950510038,1,1,1
0,-0.4062160648139112,-0.278064947317058,0.2464241061026197,-0.6889726551772056,-0.7582673950510038,1,1,1
0,-0.4062160648139112,-0.1664563102058535,-0.547273168154284,-0.8527638056292518,-0.7582673950510038,1,1,1
0,-0.4062160648139112,-0.1664563102058535,-0.547273168154284,-0.5251815047251595,-0.7582673950510038,1,1,1
0,-0.4062160648139112,-0.1664563102058535,0.2464241061026197,-0.2911941469365221,-0.7582673950510038,1,1,1
0,-0.4062160648139112,0.7264127866837824,0.2464241061026197,-0.057206789147884726,-0.7582673950510038,1,1,1
0,-0.4062160648139112,1.5076732464622138,0.2464241061026197,-0.02210868547958912,1.1824252713421388,1,1,1
0,-0.4062160648139112,2.1773250691294406,0.2464241061026197,-0.36139035427311333,-0.7582673950510038,1,1,1
0,-0.38435634422890674,-1.7289772297627164,-1.3409704424111877,-0.5251815047251595,-0.06301588089534596,1,1,1
0,-0.38435634422890674,-1.7289772297627164,-1.3409704424111877,0.5745590768814363,1.1040134464373654,1,1,1
0,-0.38435634422890674,-0.6128908586506715,-0.547273168154284,-0.9463587487447068,-0.7582673950510038,1,1,1
0,-0.38435634422890674,-0.1664563102058535,-0.547273168154284,-1.1803461065333443,-0.7582673950510038,1,1,1
0,-0.38435634422890674,-0.1664563102058535,-0.547273168154284,-0.8293650698503882,-0.7582673950510038,1,1,1
0,-0.38435634422890674,-0.1664563102058535,-0.547273168154284,-0.5953777120617507,-0.7582673950510038,1,1,1
0,-0.38435634422890674,-0.1664563102058535,0.2464241061026197,-0.5251815047251595,-0.7582673950510038,1,1,1
0,-0.38435634422890674,-0.1664563102058535,0.2464241061026197,-0.26779541115765837,-0.7582673950510038,1,1,1
0,-0.38435634422890674,-0.1664563102058535,0.2464241061026197,0.672833767152664,2.0572071929360174,1,1,1
0,-0.36249662364390234,-0.9477167699842849,-0.547273168154284,-0.9463587487447068,-0.7582673950510038,1,1,1
0,-0.36249662364390234,-0.1664563102058535,-0.547273168154284,-0.5953777120617507,-0.7582673950510038,1,1,1
0,-0.36249662364390234,-0.1664563102058535,0.2464241061026197,-0.7123713909560694,-0.7582673950510038,1,1,1
0,-0.36249662364390234,-0.1664563102058535,0.2464241061026197,-0.36139035427311333,-0.7582673950510038,1,1,1
0,-0.36249662364390234,-0.1664563102058535,0.2464241061026197,0.1299830970830252,-0.7582673950510038,1,1,1
0,-0.36249662364390234,0.3915868753501689,0.2464241061026197,-0.7123713909560694,-0.7582673950510038,1,1,1
0,-0.36249662364390234,0.8380214237949869,-1.3409704424111877,-0.5602796083934551,-0.3250420624521306,1,1,1
0,-0.36249662364390234,1.6192818835734182,-1.3409704424111877,-0.6889726551772056,-0.41521566109262004,1,1,1
0,-0.36249662364390234,2.1773250691294406,0.2464241061026197,-0.478384033167432,-0.07216392713423622,1,1,1
0,-0.3406369030588979,-0.1664563102058535,-0.547273168154284,-0.7591688625137969,-0.7582673950510038,1,1,1
0,-0.3406369030588979,-0.1664563102058535,0.2464241061026197,-0.6889726551772056,-0.7582673950510038,1,1,1
0,-0.3406369030588979,-0.1664563102058535,0.2464241061026197,-0.5017827689462958,-0.7582673950510038,1,1,1
0,-0.3406369030588979,-0.1664563102058535,0.2464241061026197,-0.19759920382106716,-0.7582673950510038,1,1,1
0,-0.3406369030588979,0.9496300609061913,0.2464241061026197,-0.7170511381118422,0.01800967150625328,1,1,1
0,-0.3406369030588979,2.1773250691294406,-1.3409704424111877,-0.8059663340715244,-0.4968946453684257,1,1,1
0,-0.3406369030588979,2.1773250691294406,0.2464241061026197,0.20953879873116185,1.5705638046207673,1,1,1
0,-0.3187771824738934,-0.501282221539467,0.2464241061026197,0.44118628294191287,1.9587023378993957,1,1,1
0,-0.3187771824738934,-0.1664563102058535,-0.547273168154284,-1.1803461065333443,-0.7582673950510038,1,1,1
0,-0.3187771824738934,-0.1664563102058535,-0.547273168154284,-0.6187764478406145,-0.7582673950510038,1,1,1
0,-0.3187771824738934,-0.1664563102058535,-0.547273168154284,0.6915527557757549,-0.7582673950510038,1,1,1
0,-0.3187771824738934,0.3915868753501689,-0.547273168154284,-0.9463587487447068,-0.7582673950510038,1,1,1
0,-0.3187771824738934,0.3915868753501689,0.2464241061026197,0.672833767152664,2.0572071929360174,1,1,1
0,-0.296917461888889,-1.2825426813178984,-0.547273168154284,0.17678056864075264,-0.7582673950510038,1,1,1
0,-0.296917461888889,-0.8361081328730804,-1.3409704424111877,-0.665573919398342,-0.25512485191204093,1,1,1
0,-0.296917461888889,-0.1664563102058535,0.2464241061026197,-0.5017827689462958,-0.7582673950510038,1,1,1
0,-0.296917461888889,-0.1664563102058535,0.2464241061026197,-0.4549852973885683,-0.7582673950510038,1,1,1
0,-0.296917461888889,0.27997823823896445,0.2464241061026197,-0.2537561696903401,0.7942867380635104,1,1,1
0,-0.296917461888889,0.6148041495725779,0.2464241061026197,0.41076792642939003,-0.7582673950510038,1,1,1
0,-0.296917461888889,0.6148041495725779,0.2464241061026197,0.44118628294191287,1.9587023378993957,1,1,1
0,-0.296917461888889,0.7264127866837824,-1.3409704424111877,-0.36139035427311333,0.0421866508518917,1,1,1
0,-0.296917461888889,2.1773250691294406,-1.3409704424111877,0.07148625763586583,0.11602445263722008,1,1,1
0,-0.296917461888889,2.1773250691294406,-0.547273168154284,0.6915527557757549,-0.7582673950510038,1,1,1
0,-0.296917461888889,2.1773250691294406,1.8338186546164272,-0.5602796083934551,0.3675957242067015,1,1,1
0,-0.27505774130388455,-1.9521945039851252,-1.3409704424111877,-0.3555406703283974,-0.18259391387512547,1,1,1
0,-0.27505774130388455,-0.9477167699842849,-1.3409704424111877,-0.8059663340715244,-0.4968946453684257,1,1,1
0,-0.27505774130388455,-0.7244994957618759,0.2464241061026197,-0.48540365390109114,0.4061482047848818,1,1,1
0,-0.27505774130388455,-0.7244994957618759,0.2464241061026197,-0.2537561696903401,0.7942867380635104,1,1,1
0,-0.27505774130388455,-0.6128908586506715,0.2464241061026197,-0.7123713909560694,-0.7582673950510038,1,1,1
0,-0.27505774130388455,-0.3896735844282625,-1.3409704424111877,-0.6421751836194782,-0.15711007078107417,1,1,1
0,-0.27505774130388455,-0.1664563102058535,0.2464241061026197,-0.7123713909560694,-0.7582673950510038,1,1,1
0,-0.27505774130388455,1.1728473351286004,-1.3409704424111877,1.3701160933628034,1.948247427912093,1,1,1
0,-0.27505774130388455,2.065716432018236,0.2464241061026197,1.367776219784917,2.0572071929360174,1,1,1
0,-0.27505774130388455,2.1773250691294406,0.2464241061026197,0.20953879873116185,1.5705638046207673,1,1,1
0,-0.2531980207188801,-0.7244994957618759,0.2464241061026197,0.44118628294191287,1.9587023378993957,1,1,1
0,-0.2531980207188801,-0.3896735844282625,-0.547273168154284,-0.7357701267349331,-0.7582673950510038,1,1,1
0,-0.2531980207188801,-0.278064947317058,0.2464241061026197,-0.12740299648447595,-0.7582673950510038,1,1,1
0,-0.2531980207188801,-0.1664563102058535,0.2464241061026197,-0.7123713909560694,-0.7582673950510038,1,1,1
0,-0.2531980207188801,-0.1664563102058535,0.2464241061026197,0.5277616053237087,-0.7582673950510038,1,1,1
0,-0.2531980207188801,0.05676096401655546,-1.3409704424111877,-0.8293650698503882,-0.3662082705271366,1,1,1
0,-0.2531980207188801,1.6192818835734182,0.2464241061026197,-0.2537561696903401,0.7942867380635104,1,1,1
0,-0.23133830013387566,-0.8361081328730804,0.2464241061026197,1.042533792458711,-0.7582673950510038,1,1,1
0,-0.23133830013387566,-0.7244994957618759,0.2464241061026197,-0.9486986223225932,-0.37012886177237525,1,1,1
0,-0.23133830013387566,-0.278064947317058,0.2464241061026197,-0.5017827689462958,-0.7582673950510038,1,1,1
0,-0.23133830013387566,-0.278064947317058,0.2464241061026197,1.4403123006993945,-0.7582673950510038,1,1,1
0,-0.23133830013387566,-0.1664563102058535,-0.547273168154284,-0.9463587487447068,-0.7582673950510038,1,1,1
0,-0.23133830013387566,-0.1664563102058535,-0.547273168154284,-0.5485802405040232,-0.7582673950510038,1,1,1
0,-0.23133830013387566,-0.1664563102058535,0.2464241061026197,-0.17420046804220343,-0.7582673950510038,1,1,1
0,-0.23133830013387566,0.5031955124613734,-0.547273168154284,-0.5953777120617507,-0.7582673950510038,1,1,1
0,-0.23133830013387566,1.0612386980173958,0.2464241061026197,-0.2537561696903401,0.7942867380635104,1,1,1
0,-0.23133830013387566,1.8424991577958272,0.2464241061026197,-0.5953777120617507,0.01800967150625328,1,1,1
0,-0.2094785795488712,-0.1664563102058535,-0.547273168154284,-0.9463587487447068,-0.7582673950510038,1,1,1
0,-0.2094785795488712,-0.1664563102058535,-0.547273168154284,-0.43158656160970454,-0.7582673950510038,1,1,1
0,-0.2094785795488712,0.9496300609061913,-1.3409704424111877,-0.7591688625137969,-0.34660531430094327,1,1,1
0,-0.18761885896386676,-0.7244994957618759,0.2464241061026197,0.9044812513634148,2.0572071929360174,1,1,1
0,-0.18761885896386676,-0.1664563102058535,-0.547273168154284,0.012989418188706487,-0.7582673950510038,1,1,1
0,-0.18761885896386676,-0.1664563102058535,-0.547273168154284,0.6915527557757549,-0.7582673950510038,1,1,1
0,-0.18761885896386676,-0.1664563102058535,0.2464241061026197,1.4403123006993945,-0.7582673950510038,1,1,1
0,-0.18761885896386676,2.1773250691294406,-1.3409704424111877,0.0012900502992746182,0.06701706207173667,1,1,1
0,-0.1657591383788623,-0.8361081328730804,-0.547273168154284,-0.9463587487447068,-0.7582673950510038,1,1,1
0,-0.1657591383788623,-0.8361081328730804,-0.547273168154284,-0.8761625414081156,-0.7582673950510038,1,1,1
0,-0.1657591383788623,-0.7244994957618759,-0.547273168154284,-0.9463587487447068,-0.7582673950510038,1,1,1
0,-0.1657591383788623,-0.1664563102058535,0.2464241061026197,-0.571978976282887,-0.7582673950510038,1,1,1
0,-0.14389941779385787,-1.5057599555403074,-0.547273168154284,-0.9463587487447068,-0.7582673950510038,1,1,1
0,-0.14389941779385787,-0.9477167699842849,0.2464241061026197,-1.1803461065333443,0.4061482047848818,1,1,1
0,-0.14389941779385787,-0.1664563102058535,0.2464241061026197,-0.17420046804220343,-0.7582673950510038,1,1,1
0,-0.14389941779385787,-0.1664563102058535,0.2464241061026197,2.1539737419547387,-0.7582673950510038,1,1,1
0,-0.12203969720885341,-0.7244994957618759,-0.547273168154284,0.5745590768814363,-0.7582673950510038,1,1,1
0,-0.12203969720885341,-0.1664563102058535,-0.547273168154284,-0.8059663340715244,-0.7582673950510038,1,1,1
0,-0.12203969720885341,-0.1664563102058535,0.2464241061026197,-0.4549852973885683,-0.7582673950510038,1,1,1
0,-0.12203969720885341,-0.1664563102058535,0.2464241061026197,0.504362869544845,-0.7582673950510038,1,1,1
0,-0.12203969720885341,0.27997823823896445,-1.3409704424111877,-0.665573919398342,-0.25512485191204093,1,1,1
0,-0.12203969720885341,0.8380214237949869,0.2464241061026197,1.136128735574166,2.0572071929360174,1,1,1
0,-0.12203969720885341,1.1728473351286004,-1.3409704424111877,-0.6889726551772056,-0.06301588089534596,1,1,1
0,-0.12203969720885341,1.1728473351286004,0.2464241061026197,-1.023808564172746,-0.6354222027001921,1,1,1
0,-0.10017997662384896,-1.0593254070954894,0.2464241061026197,-0.7123713909560694,-0.7582673950510038,1,1,1
0,-0.10017997662384896,-0.1664563102058535,-0.547273168154284,0.504362869544845,-0.7582673950510038,1,1,1
0,-0.07832025603884452,-0.9477167699842849,-0.547273168154284,0.2001793044196164,-0.7582673950510038,1,1,1
0,-0.07832025603884452,-0.278064947317058,0.2464241061026197,-0.7123713909560694,-0.7582673950510038,1,1,1
0,-0.07832025603884452,-0.1664563102058535,-1.3409704424111877,-0.36139035427311333,0.0421866508518917,1,1,1
0,-0.07832025603884452,-0.1664563102058535,-0.547273168154284,-0.9463587487447068,-0.7582673950510038,1,1,1
0,-0.07832025603884452,-0.1664563102058535,0.2464241061026197,-0.15080173226333968,-0.7582673950510038,1,1,1
0,-0.07832025603884452,-0.1664563102058535,0.2464241061026197,0.45756539798711754,-0.7582673950510038,1,1,1
0,-0.056460535453840076,-1.2825426813178984,0.2464241061026197,-1.1803461065333443,0.4061482047848818,1,1,1
0,-0.056460535453840076,-0.1664563102058535,-0.547273168154284,0.3639704548716626,-0.7582673950510038,1,1,1
0,-0.056460535453840076,2.1773250691294406,0.2464241061026197,1.4403123006993945,-0.7582673950510038,1,1,1
0,-0.03460081486883563,2.1773250691294406,-1.3409704424111877,-0.7591688625137969,-0.34660531430094327,1,1,1
0,-0.01274109428383118,-0.9477167699842849,0.2464241061026197,-0.5017827689462958,-0.7582673950510038,1,1,1
0,-0.01274109428383118,-0.1664563102058535,0.2464241061026197,1.2999198860262122,-0.7582673950510038,1,1,1
0,-0.01274109428383118,2.1773250691294406,0.2464241061026197,-0.7123713909560694,-0.7582673950510038,1,1,1
0,0.009118626301173266,-1.3941513184291028,-1.3409704424111877,-0.4549852973885683,0.05198812896498841,1,1,1
0,0.009118626301173266,-1.0593254070954894,0.2464241061026197,0.7383502273334824,-0.7582673950510038,1,1,1
0,0.009118626301173266,-0.7244994957618759,0.2464241061026197,0.20953879873116185,1.5705638046207673,1,1,1
0,0.009118626301173266,-0.1664563102058535,-0.547273168154284,-0.8761625414081156,-0.7582673950510038,1,1,1
0,0.009118626301173266,-0.1664563102058535,0.2464241061026197,-0.17420046804220343,-0.7582673950510038,1,1,1
0,0.009118626301173266,1.7308905206846228,-1.3409704424111877,-0.571978976282887,-0.1636443895231386,1,1,1
0,0.009118626301173266,1.8424991577958272,-1.3409704424111877,-0.665573919398342,-0.25512485191204093,1,1,1
0,0.009118626301173266,2.1773250691294406,-0.547273168154284,-0.7825675982926606,-0.7582673950510038,1,1,1
0,0.03097834688617771,-1.6173685926515118,0.2464241061026197,-0.19759920382106716,-0.7582673950510038,1,1,1
0,0.03097834688617771,-1.1709340442066938,0.2464241061026197,-0.7123713909560694,-0.7582673950510038,1,1,1
0,0.03097834688617771,-1.0593254070954894,0.2464241061026197,-0.48540365390109114,0.4061482047848818,1,1,1
0,0.03097834688617771,-0.278064947317058,0.2464241061026197,0.036388153967570225,-0.7582673950510038,1,1,1
0,0.03097834688617771,-0.1664563102058535,-0.547273168154284,0.5745590768814363,-0.7582673950510038,1,1,1
0,0.03097834688617771,-0.1664563102058535,-0.547273168154284,0.5979578126602999,-0.7582673950510038,1,1,1
0,0.03097834688617771,-0.1664563102058535,0.2464241061026197,-0.7123713909560694,-0.7582673950510038,1,1,1
0,0.03097834688617771,-0.1664563102058535,0.2464241061026197,0.29377424753507136,-0.7582673950510038,1,1,1
0,0.03097834688617771,-0.1664563102058535,0.2464241061026197,0.6213565484391637,-0.7582673950510038,1,1,1
0,0.03097834688617771,0.27997823823896445,0.2464241061026197,1.4403123006993945,-0.7582673950510038,1,1,1
0,0.05283806747118216,-0.1664563102058535,0.2464241061026197,-0.7123713909560694,-0.7582673950510038,1,1,1
0,0.05283806747118216,2.1773250691294406,0.2464241061026197,-0.478384033167432,-0.07216392713423622,1,1,1
0,0.07469778805618661,-0.9477167699842849,0.2464241061026197,0.20953879873116185,1.5705638046207673,1,1,1
0,0.07469778805618661,-0.1664563102058535,0.2464241061026197,-0.3847890900519771,-0.7582673950510038,1,1,1
0,0.07469778805618661,-0.1664563102058535,0.2464241061026197,-0.26779541115765837,-0.7582673950510038,1,1,1
0,0.07469778805618661,-0.1664563102058535,0.2464241061026197,0.7851476988912098,-0.7582673950510038,1,1,1
0,0.07469778805618661,-0.1664563102058535,0.2464241061026197,1.2063249429107572,-0.7582673950510038,1,1,1
0,0.09655750864119106,-2.2870204153187386,0.2464241061026197,-0.5017827689462958,-0.13293309143543564,1,1,1
0,0.09655750864119106,-0.8361081328730804,0.2464241061026197,1.4403123006993945,-0.7582673950510038,1,1,1
0,0.09655750864119106,-0.1664563102058535,0.2464241061026197,-0.3847890900519771,-0.7582673950510038,1,1,1
0,0.09655750864119106,-0.1664563102058535,0.2464241061026197,0.22357804019848013,-0.7582673950510038,1,1,1
0,0.09655750864119106,-0.1664563102058535,0.2464241061026197,0.45756539798711754,-0.7582673950510038,1,1,1
0,0.1184172292261955,-1.3941513184291028,-1.3409704424111877,0.6447552842180274,1.2804400524731057,1,1,1
0,0.1184172292261955,-0.1664563102058535,0.2464241061026197,0.8085464346700736,-0.7582673950510038,1,1,1
0,0.1184172292261955,2.1773250691294406,0.2464241061026197,0.672833767152664,2.0572071929360174,1,1,1
0,0.14027694981119995,1.7308905206846228,0.2464241061026197,0.44118628294191287,1.9587023378993957,1,1,1
0,0.14027694981119995,2.1773250691294406,0.2464241061026197,1.4403123006993945,-0.7582673950510038,1,1,1
0,0.16213667039620439,-0.7244994957618759,0.2464241061026197,-0.7170511381118422,0.01800967150625328,1,1,1
0,0.16213667039620439,-0.501282221539467,-1.3409704424111877,-0.7591688625137969,-0.34660531430094327,1,1,1
0,0.18399639098120885,-1.2825426813178984,-1.3409704424111877,-0.39648845794140897,-0.21069148446600258,1,1,1
0,0.18399639098120885,-0.278064947317058,0.2464241061026197,-0.478384033167432,-0.7582673950510038,1,1,1
0,0.18399639098120885,-0.1664563102058535,-1.3409704424111877,-0.5836783441723189,-0.3413778593072917,1,1,1
0,0.18399639098120885,-0.1664563102058535,-0.547273168154284,-0.17420046804220343,-0.7582673950510038,1,1,1
0,0.18399639098120885,-0.1664563102058535,0.2464241061026197,-0.5251815047251595,-0.7582673950510038,1,1,1
0,0.18399639098120885,0.27997823823896445,0.2464241061026197,-0.9486986223225932,-0.37012886177237525,1,1,1
0,0.18399639098120885,0.5031955124613734,-1.3409704424111877,-0.478384033167432,-0.07216392713423622,1,1,1
0,0.20585611156621328,-1.1709340442066938,-0.547273168154284,2.1539737419547387,-0.7582673950510038,1,1,1
0,0.20585611156621328,-0.1664563102058535,-0.547273168154284,-0.8293650698503882,-0.7582673950510038,1,1,1
0,0.20585611156621328,-0.1664563102058535,-0.547273168154284,-0.5017827689462958,-0.7582673950510038,1,1,1
0,0.20585611156621328,-0.1664563102058535,0.2464241061026197,1.1595274713530297,-0.7582673950510038,1,1,1
0,0.22771583215121774,-1.1709340442066938,0.2464241061026197,-0.48540365390109114,0.4061482047848818,1,1,1
0,0.22771583215121774,-0.1664563102058535,0.2464241061026197,-0.6187764478406145,-0.7582673950510038,1,1,1
0,0.22771583215121774,-0.054847673094649024,-1.3409704424111877,-0.571978976282887,-0.1636443895231386,1,1,1
0,0.22771583215121774,0.27997823823896445,-1.3409704424111877,-1.1803461065333443,-0.07216392713423622,1,1,1
0,0.22771583215121774,2.1773250691294406,0.2464241061026197,-0.5017827689462958,-0.13293309143543564,1,1,1
0,0.24957555273622217,-0.1664563102058535,-0.547273168154284,-0.3145928827153859,-0.7582673950510038,1,1,1
0,0.24957555273622217,-0.1664563102058535,-0.547273168154284,0.3405717190927988,-0.7582673950510038,1,1,1
0,0.24957555273622217,0.5031955124613734,-1.3409704424111877,-0.8293650698503882,-0.3662082705271366,1,1,1
0,0.24957555273622217,1.2844559722398048,-1.3409704424111877,-0.478384033167432,-0.07216392713423622,1,1,1
0,0.27143527332122663,-1.5057599555403074,0.2464241061026197,-0.48540365390109114,0.4061482047848818,1,1,1
0,0.27143527332122663,-0.1664563102058535,-0.547273168154284,-0.8059663340715244,-0.7582673950510038,1,1,1
0,0.27143527332122663,1.0612386980173958,0.2464241061026197,-0.5251815047251595,-0.7582673950510038,1,1,1
0,0.27143527332122663,2.1773250691294406,-0.547273168154284,-0.9463587487447068,-0.7582673950510038,1,1,1
0,0.2932949939062311,-0.8361081328730804,-1.3409704424111877,-0.5485802405040232,-0.31720087996165325,1,1,1
0,0.2932949939062311,-0.1664563102058535,-0.547273168154284,0.6915527557757549,-0.7582673950510038,1,1,1
0,0.2932949939062311,-0.1664563102058535,0.2464241061026197,-0.665573919398342,-0.7582673950510038,1,1,1
0,0.2932949939062311,-0.1664563102058535,0.2464241061026197,-0.5251815047251595,-0.7582673950510038,1,1,1
0,0.2932949939062311,0.05676096401655546,-0.547273168154284,-0.9463587487447068,-0.7582673950510038,1,1,1
0,0.2932949939062311,0.3915868753501689,-1.3409704424111877,0.22357804019848013,0.22188041625866417,1,1,1
0,0.3151547144912355,-0.1664563102058535,-0.547273168154284,-0.8761625414081156,-0.7582673950510038,1,1,1
0,0.3151547144912355,-0.1664563102058535,-0.547273168154284,-0.665573919398342,-0.7582673950510038,1,1,1
0,0.3151547144912355,-0.1664563102058535,-0.547273168154284,2.1539737419547387,-0.7582673950510038,1,1,1
0,0.3151547144912355,2.1773250691294406,-0.547273168154284,-0.5017827689462958,-0.7582673950510038,1,1,1
0,0.33701443507623996,-0.054847673094649024,0.2464241061026197,2.1539737419547387,2.0572071929360174,1,1,1
0,0.33701443507623996,0.3915868753501689,0.2464241061026197,2.1539737419547387,2.0572071929360174,1,1,1
0,0.33701443507623996,1.1728473351286004,0.2464241061026197,-1.1000884428118416,-0.695537935127185,1,1,1
0,0.3588741556612444,2.1773250691294406,0.2464241061026197,-0.478384033167432,-0.07216392713423622,1,1,1
0,0.3807338762462489,-1.2825426813178984,-1.3409704424111877,-0.571978976282887,-0.1636443895231386,1,1,1
0,0.3807338762462489,-0.1664563102058535,-0.547273168154284,-0.9463587487447068,-0.7582673950510038,1,1,1
0,0.3807338762462489,-0.1664563102058535,-0.547273168154284,-0.8761625414081156,-0.7582673950510038,1,1,1
0,0.4025935968312533,1.7308905206846228,0.2464241061026197,2.1539737419547387,2.0572071929360174,1,1,1
0,0.42445331741625775,-1.6173685926515118,-0.547273168154284,-0.7357701267349331,-0.7582673950510038,1,1,1
0,0.42445331741625775,-0.278064947317058,0.2464241061026197,-0.17420046804220343,-0.7582673950510038,1,1,1
0,0.42445331741625775,-0.1664563102058535,-0.547273168154284,-0.571978976282887,-0.7582673950510038,1,1,1
0,0.42445331741625775,-0.1664563102058535,0.2464241061026197,2.1539737419547387,-0.7582673950510038,1,1,1
0,0.4463130380012622,-1.3941513184291028,0.2464241061026197,-0.7123713909560694,-0.7582673950510038,1,1,1
0,0.4463130380012622,-0.1664563102058535,-0.547273168154284,-0.9463587487447068,-0.7582673950510038,1,1,1
0,0.4463130380012622,-0.1664563102058535,-0.547273168154284,1.4637110364782582,-0.7582673950510038,1,1,1
0,0.46817275858626667,-0.1664563102058535,-0.547273168154284,-0.6421751836194782,-0.7582673950510038,1,1,1
0,0.46817275858626667,0.05676096401655546,-1.3409704424111877,-0.6889726551772056,-0.41521566109262004,1,1,1
0,0.4900324791712711,-0.1664563102058535,0.2464241061026197,-0.7123713909560694,-0.7582673950510038,1,1,1
0,0.4900324791712711,1.1728473351286004,-1.3409704424111877,1.042533792458711,1.600621670834264,1,1,1
0,0.5337519203412799,-1.8405858668739208,0.2464241061026197,0.012989418188706487,-0.7582673950510038,1,1,1
0,0.5337519203412799,-1.6173685926515118,-1.3409704424111877,-0.36139035427311333,0.0421866508518917,1,1,1
0,0.5337519203412799,-1.3941513184291028,-0.547273168154284,-0.9463587487447068,-0.7582673950510038,1,1,1
0,0.5337519203412799,0.8380214237949869,-0.547273168154284,0.6915527557757549,-0.7582673950510038,1,1,1
0,0.5774713615112889,-0.278064947317058,-0.547273168154284,-0.5953777120617507,-0.7582673950510038,1,1,1
0,0.5774713615112889,-0.1664563102058535,0.2464241061026197,0.9957363209009835,-0.7582673950510038,1,1,1
0,0.5774713615112889,2.1773250691294406,0.2464241061026197,-0.5017827689462958,-0.13293309143543564,1,1,1
0,0.5993310820962933,-0.1664563102058535,-0.547273168154284,-0.8059663340715244,-0.7582673950510038,2,2,2
0,0.5993310820962933,-0.1664563102058535,0.2464241061026197,-0.12740299648447595,-0.7582673950510038,1,1,1
0,0.5993310820962933,2.1773250691294406,0.2464241061026197,2.1539737419547387,2.0572071929360174,1,1,1
0,0.6211908026812978,-0.1664563102058535,-0.547273168154284,-0.8059663340715244,-0.7582673950510038,1,1,1
0,0.6430505232663022,-0.1664563102058535,-0.547273168154284,-0.5953777120617507,-0.7582673950510038,1,1,1
0,0.6430505232663022,-0.1664563102058535,-0.547273168154284,-0.15080173226333968,-0.7582673950510038,1,1,1
0,0.6649102438513067,-0.1664563102058535,-0.547273168154284,-0.9229600129658431,-0.7582673950510038,1,1,1
0,0.6649102438513067,-0.1664563102058535,0.2464241061026197,-0.2209979395999309,-0.7582673950510038,1,1,1
0,0.6649102438513067,-0.1664563102058535,0.2464241061026197,0.45756539798711754,-0.7582673950510038,1,1,1
0,0.6867699644363111,-0.1664563102058535,0.2464241061026197,-0.5251815047251595,-0.7582673950510038,1,1,1
0,0.6867699644363111,-0.1664563102058535,0.2464241061026197,-0.3847890900519771,-0.7582673950510038,1,1,1
0,0.6867699644363111,2.1773250691294406,0.2464241061026197,-0.5017827689462958,-0.13293309143543564,1,1,1
0,0.7086296850213155,-1.3941513184291028,-1.3409704424111877,-0.665573919398342,-0.25512485191204093,1,1,1
0,0.7086296850213155,1.1728473351286004,0.2464241061026197,-0.9290436842683476,-0.5615844009148638,1,1,1
0,0.7086296850213155,1.6192818835734182,0.2464241061026197,1.4403123006993945,-0.7582673950510038,1,1,1
0,0.7086296850213155,2.1773250691294406,0.2464241061026197,-0.5017827689462958,-0.13293309143543564,1,1,1
0,0.73048940560632,-0.1664563102058535,0.2464241061026197,0.036388153967570225,-0.7582673950510038,1,1,1
0,0.7523491261913244,-1.1709340442066938,0.2464241061026197,-0.3379916184942496,-0.7582673950510038,1,1,1
0,0.7523491261913244,-0.1664563102058535,0.2464241061026197,0.2703755117562076,-0.7582673950510038,1,1,1
0,0.7523491261913244,-0.1664563102058535,0.2464241061026197,2.1539737419547387,-0.7582673950510038,1,1,1
0,0.7742088467763288,-0.1664563102058535,-0.547273168154284,2.1539737419547387,-0.7582673950510038,1,1,1
0,0.7742088467763288,-0.1664563102058535,0.2464241061026197,-0.7123713909560694,-0.7582673950510038,1,1,1
0,0.7742088467763288,1.1728473351286004,-1.3409704424111877,-0.5251815047251595,-0.06301588089534596,1,1,1
0,0.7960685673613334,-1.3941513184291028,-0.547273168154284,-0.8761625414081156,-0.7582673950510038,1,1,1
0,0.7960685673613334,2.065716432018236,-1.3409704424111877,-0.478384033167432,-0.07216392713423622,1,1,1
0,0.8179282879463378,-1.6173685926515118,-0.547273168154284,0.6915527557757549,-0.7582673950510038,1,1,1
0,0.8179282879463378,-0.054847673094649024,-0.547273168154284,-0.9463587487447068,-0.7582673950510038,1,1,1
0,0.8179282879463378,1.1728473351286004,0.2464241061026197,-1.1759003467353601,-0.7550002356799715,1,1,1
0,0.8397880085313423,-1.3941513184291028,-1.3409704424111877,0.9957363209009835,1.672499176996973,1,1,1
0,0.8616477291163467,-1.5057599555403074,0.2464241061026197,-0.3379916184942496,-0.7582673950510038,1,1,1
0,0.8616477291163467,-0.1664563102058535,0.2464241061026197,-0.36139035427311333,-0.7582673950510038,1,1,1
0,0.8835074497013511,-0.7244994957618759,0.2464241061026197,1.367776219784917,2.0572071929360174,1,1,1
0,0.8835074497013511,-0.1664563102058535,0.2464241061026197,-0.15080173226333968,-0.7582673950510038,1,1,1
0,0.9053671702863556,-0.1664563102058535,-0.547273168154284,-0.665573919398342,-0.7582673950510038,1,1,1
0,0.9053671702863556,-0.054847673094649024,-1.3409704424111877,-0.12740299648447595,0.2708878068241476,1,1,1
0,0.9053671702863556,1.1728473351286004,-0.547273168154284,0.38736919065052633,-0.7582673950510038,1,1,1
0,0.92722689087136,0.27997823823896445,-1.3409704424111877,0.24697677597734388,0.6368096563797571,1,1,1
0,0.9709463320413689,-1.0593254070954894,-0.547273168154284,-0.3379916184942496,-0.7582673950510038,1,1,1
0,0.9709463320413689,-0.1664563102058535,-0.547273168154284,-0.8059663340715244,-0.7582673950510038,1,1,1
0,0.9709463320413689,-0.1664563102058535,0.2464241061026197,-0.10400426070561221,-0.7582673950510038,1,1,1
0,1.0146657732113777,-0.1664563102058535,0.2464241061026197,-0.6187764478406145,-0.7582673950510038,1,1,1
0,1.0365254937963821,0.8380214237949869,0.2464241061026197,-0.7123713909560694,-0.7582673950510038,1,1,1
0,1.0583852143813868,0.5031955124613734,-0.547273168154284,-0.6187764478406145,-0.7582673950510038,1,1,1
0,1.0802449349663912,-0.1664563102058535,0.2464241061026197,-0.7123713909560694,-0.7582673950510038,1,1,1
0,1.1239643761364,-0.1664563102058535,-0.547273168154284,-0.9463587487447068,-0.7582673950510038,1,1,1
0,1.1458240967214044,0.9496300609061913,0.2464241061026197,-0.2537561696903401,0.7942867380635104,1,1,1
0,1.1895435378914134,-0.1664563102058535,0.2464241061026197,-0.36139035427311333,-0.7582673950510038,1,1,1
0,1.2114032584764178,2.1773250691294406,-1.3409704424111877,-0.665573919398342,-0.25512485191204093,1,1,1
0,1.2551226996464266,-0.1664563102058535,0.2464241061026197,-0.5485802405040232,-0.7582673950510038,1,1,1
0,1.2551226996464266,-0.1664563102058535,0.2464241061026197,-0.36139035427311333,-0.7582673950510038,1,1,1
0,1.2988421408164357,-0.8361081328730804,0.2464241061026197,-0.7154132266073217,-0.7582673950510038,1,1,1
0,1.2988421408164357,-0.1664563102058535,-0.547273168154284,-0.7825675982926606,-0.7582673950510038,1,1,1
0,1.2988421408164357,-0.1664563102058535,0.2464241061026197,-0.7123713909560694,-0.7582673950510038,1,1,1
0,1.2988421408164357,1.1728473351286004,0.2464241061026197,-1.0942387588671256,-0.69096391200774,1,1,1
0,1.32070186140144,-1.2825426813178984,-1.3409704424111877,-0.6920144908284579,-0.27015378501878917,1,1,1
0,1.3425615819864445,-0.1664563102058535,0.2464241061026197,0.8787426420066649,-0.7582673950510038,1,1,1
0,1.3425615819864445,-0.054847673094649024,-1.3409704424111877,-0.665573919398342,-0.25512485191204093,1,1,1
0,1.364421302571449,-0.1664563102058535,-0.547273168154284,0.31717298331393506,-0.7582673950510038,1,1,1
0,1.3862810231564533,-0.1664563102058535,0.2464241061026197,-0.7123713909560694,-0.7582673950510038,1,1,1
0,1.3862810231564533,2.1773250691294406,-0.547273168154284,-0.8761625414081156,-0.7582673950510038,1,1,1
0,1.408140743741458,-0.7244994957618759,0.2464241061026197,0.672833767152664,2.0572071929360174,1,1,1
0,1.4737199054964714,-0.7244994957618759,0.2464241061026197,-1.1803461065333443,0.01800967150625328,1,1,1
0,1.4737199054964714,-0.278064947317058,-1.3409704424111877,2.1539737419547387,2.0572071929360174,1,1,1
0,1.4737199054964714,-0.1664563102058535,0.2464241061026197,1.393514829141667,-0.7582673950510038,1,1,1
0,1.5392990672514846,1.1728473351286004,-1.3409704424111877,0.5745590768814363,1.1040134464373654,1,1,1
0,1.5830185084214936,-0.1664563102058535,0.2464241061026197,2.1539737419547387,-0.7582673950510038,1,1,1
0,1.6267379495915024,-0.1664563102058535,0.2464241061026197,0.7851476988912098,-0.7582673950510038,1,1,1
0,1.6485976701765068,1.5076732464622138,0.2464241061026197,0.672833767152664,2.0572071929360174,1,1,1
0,1.7141768319315203,-0.1664563102058535,0.2464241061026197,-0.6187764478406145,-0.7582673950510038,1,1,1
0,1.757896273101529,-0.3896735844282625,-1.3409704424111877,-0.4081878258308408,-0.003553580342559422,1,1,1
0,1.757896273101529,-0.1664563102058535,-0.547273168154284,-0.7825675982926606,-0.7582673950510038,1,1,1
0,1.7797559936865335,-0.1664563102058535,-0.547273168154284,-0.8059663340715244,-0.7582673950510038,1,1,1
0,1.8234754348565425,-0.9477167699842849,-0.547273168154284,0.29377424753507136,-0.7582673950510038,1,1,1
0,1.8234754348565425,-0.1664563102058535,0.2464241061026197,-0.7123713909560694,-0.7582673950510038,1,1,1
0,1.8234754348565425,-0.1664563102058535,0.2464241061026197,-0.057206789147884726,-0.7582673950510038,1,1,1
0,1.9327740377815648,-0.1664563102058535,0.2464241061026197,0.20953879873116185,1.5705638046207673,1,1,1
0,1.9546337583665692,2.1773250691294406,0.2464241061026197,1.367776219784917,2.0572071929360174,1,1,1
0,2.0202129201215824,-0.1664563102058535,0.2464241061026197,0.059786889746433966,-0.7582673950510038,1,1,1
0,2.085792081876596,-1.7289772297627164,-1.3409704424111877,0.14168246497245704,2.0572071929360174,1,1,1
0,2.085792081876596,-1.3941513184291028,-1.3409704424111877,-0.571978976282887,-0.1636443895231386,1,1,1
0,2.085792081876596,-1.3941513184291028,-0.547273168154284,0.5277616053237087,-0.7582673950510038,1,1,1
0,2.085792081876596,-1.1709340442066938,-1.3409704424111877,-0.665573919398342,-0.25512485191204093,1,1,1
0,2.085792081876596,-1.1709340442066938,-1.3409704424111877,-0.36139035427311333,0.0421866508518917,1,1,1
0,2.085792081876596,-1.0593254070954894,-0.547273168154284,-0.665573919398342,-0.7582673950510038,1,1,1
0,2.085792081876596,-0.9477167699842849,-0.547273168154284,0.6915527557757549,-0.7582673950510038,1,1,1
0,2.085792081876596,-0.8361081328730804,-1.3409704424111877,2.1539737419547387,2.0572071929360174,1,1,1
0,2.085792081876596,-0.8361081328730804,-0.547273168154284,0.504362869544845,-0.7582673950510038,1,1,1
0,2.085792081876596,-0.7244994957618759,0.2464241061026197,-0.7123713909560694,-0.7582673950510038,1,1,1
0,2.085792081876596,-0.1664563102058535,-0.547273168154284,-0.8293650698503882,-0.7582673950510038,1,1,1
0,2.085792081876596,-0.1664563102058535,-0.547273168154284,-0.571978976282887,-0.7582673950510038,1,1,1
0,2.085792081876596,-0.1664563102058535,-0.547273168154284,-0.36139035427311333,-0.7582673950510038,1,1,1
0,2.085792081876596,-0.1664563102058535,-0.547273168154284,-0.26779541115765837,-0.7582673950510038,1,1,1
0,2.085792081876596,-0.1664563102058535,-0.547273168154284,0.3639704548716626,-0.7582673950510038,1,1,1
0,2.085792081876596,-0.1664563102058535,-0.547273168154284,0.4341666622082538,-0.7582673950510038,1,1,1
0,2.085792081876596,-0.1664563102058535,-0.547273168154284,0.6915527557757549,-0.7582673950510038,2,2,2
0,2.085792081876596,-0.1664563102058535,0.2464241061026197,-0.7123713909560694,-0.7582673950510038,1,1,1
0,2.085792081876596,-0.1664563102058535,0.2464241061026197,-0.571978976282887,-0.7582673950510038,1,1,1
0,2.085792081876596,-0.1664563102058535,0.2464241061026197,-0.5017827689462958,-0.7582673950510038,1,1,1
0,2.085792081876596,-0.1664563102058535,0.2464241061026197,0.059786889746433966,-0.7582673950510038,1,1,1
0,2.085792081876596,-0.1664563102058535,0.2464241061026197,0.4341666622082538,-0.7582673950510038,1,1,1
0,2.085792081876596,-0.1664563102058535,0.2464241061026197,0.45756539798711754,-0.7582673950510038,1,1,1
0,2.085792081876596,-0.1664563102058535,0.2464241061026197,1.2531224144684847,-0.7582673950510038,1,1,1
0,2.085792081876596,0.3915868753501689,0.2464241061026197,-0.48540365390109114,0.4061482047848818,1,1,1
0,2.085792081876596,0.5031955124613734,-1.3409704424111877,-0.36139035427311333,0.0421866508518917,1,1,1
0,2.085792081876596,0.6148041495725779,-0.547273168154284,0.6915527557757549,-0.7582673950510038,1,1,1
0,2.085792081876596,0.7264127866837824,1.0401213803595233,2.1539737419547387,2.0572071929360174,1,1,1
0,2.085792081876596,0.9496300609061913,0.2464241061026197,1.4403123006993945,-0.7582673950510038,1,1,1
0,2.085792081876596,1.1728473351286004,-0.547273168154284,0.6915527557757549,-0.7582673950510038,1,1,1
0,2.085792081876596,1.1728473351286004,0.2464241061026197,-1.1759003467353601,-0.7550002356799715,1,1,1
0,2.085792081876596,1.1728473351286004,0.2464241061026197,-1.1157655957836803,-0.7079531407371076,1,1,1
0,2.085792081876596,1.1728473351286004,0.2464241061026197,-0.09253888017396893,0.3048662642828827,1,1,1
0,2.085792081876596,1.1728473351286004,1.0401213803595233,2.1539737419547387,2.0572071929360174,1,1,1
0,2.085792081876596,1.7308905206846228,-1.3409704424111877,-0.15080173226333968,0.248017691226922,1,1,1
0,2.085792081876596,1.7308905206846228,0.2464241061026197,1.4403123006993945,-0.7582673950510038,1,1,1
0,2.085792081876596,2.1773250691294406,-1.3409704424111877,-0.571978976282887,-0.1636443895231386,1,1,1
0,2.085792081876596,2.1773250691294406,1.8338186546164272,2.0627186724171698,2.0572071929360174,1,1,1
1,-0.9089896382690135,-1.1709340442066938,1.8338186546164272,-0.478384033167432,-0.2681934893961698,1,1,1
1,-0.9089896382690135,-0.501282221539467,1.8338186546164272,-0.6070770799511825,-0.3577136561624528,1,1,1
1,-0.8871299176840091,-1.2825426813178984,1.0401213803595233,-0.5368808726145914,-0.30870626559696945,1,1,1
1,-0.8871299176840091,-0.278064947317058,1.0401213803595233,0.08318562552529771,0.12386563512769737,1,1,1
1,-0.8652701970990045,-0.3896735844282625,1.8338186546164272,-0.5017827689462958,-0.28452928625133095,1,1,1
1,-0.8652701970990045,-0.278064947317058,1.8338186546164272,-0.34969098638368146,-0.1780198907556803,1,1,1
1,-0.8434104765140001,-0.3896735844282625,1.8338186546164272,-0.26779541115765837,-0.12117131769971963,1,1,1
1,-0.8434104765140001,2.1773250691294406,1.0401213803595233,0.012989418188706487,0.07485824456221397,1,1,1
1,-0.8215507559289957,-1.0593254070954894,1.8338186546164272,-0.3145928827153859,-0.1538429114100419,1,1,1
1,-0.8215507559289957,1.1728473351286004,0.2464241061026197,0.9695297368286561,1.343169512396924,1,1,1
1,-0.7996910353439912,-0.6128908586506715,1.8338186546164272,-0.4900834010568639,-0.27603467188664715,1,1,1
1,-0.7778313147589868,-1.3941513184291028,1.8338186546164272,-0.0689061570373166,0.01800967150625328,1,1,1
1,-0.7778313147589868,0.8380214237949869,1.8338186546164272,-0.16133116336382844,-0.046680084040184824,1,1,1
1,-0.7778313147589868,1.0612386980173958,1.8338186546164272,-0.26779541115765837,-0.12117131769971963,1,1,1
1,-0.7778313147589868,1.3960646093510092,1.8338186546164272,-0.01040931759015725,0.05852244770705284,1,1,1
1,-0.7559715941739824,-1.5057599555403074,1.8338186546164272,-0.26779541115765837,-0.12117131769971963,1,1,1
1,-0.7341118735889779,-0.9477167699842849,-1.3409704424111877,-0.4549852973885683,-0.27603467188664715,1,1,1
1,-0.7341118735889779,-0.501282221539467,-1.3409704424111877,-0.08060552492674847,0.009515057141569439,1,1,1
1,-0.7341118735889779,-0.3896735844282625,-1.3409704424111877,1.0191350566798472,0.7772975093341427,1,1,1
1,-0.7341118735889779,2.1773250691294406,-1.3409704424111877,2.1539737419547387,-0.1636443895231386,1,1,1
1,-0.7341118735889779,2.1773250691294406,1.8338186546164272,-0.015089064745930065,0.055255288336020565,1,1,1
1,-0.7122521530039735,2.1773250691294406,-1.3409704424111877,2.1539737419547387,-0.003553580342559422,1,1,1
1,-0.6685327118339646,-1.1709340442066938,1.8338186546164272,0.30547361542450324,0.2793824211888314,1,1,1
1,-0.6685327118339646,-0.278064947317058,0.2464241061026197,2.0627186724171698,2.0572071929360174,1,1,1
1,-0.6466729912489602,-1.0593254070954894,1.8338186546164272,0.7512195320118574,0.5904159933110994,1,1,1
1,-0.6466729912489602,-0.8361081328730804,-1.3409704424111877,0.059786889746433966,0.10752983827253623,1,1,1
1,-0.6248132706639556,-1.9521945039851252,1.8338186546164272,0.14168246497245704,0.16503184320270348,1,1,1
1,-0.6248132706639556,2.065716432018236,1.8338186546164272,-0.04550742125845286,0.03434546836141441,1,1,1
1,-0.6029535500789512,-0.8361081328730804,-1.3409704424111877,-0.3730897221625452,-0.19435568761084146,1,1,1
1,-0.6029535500789512,-0.8361081328730804,1.8338186546164272,-0.6070770799511825,-0.3577136561624528,1,1,1
1,-0.6029535500789512,-0.7244994957618759,-1.3409704424111877,-0.39648845794140897,-0.21069148446600258,1,1,1
1,-0.5810938294939468,-1.0593254070954894,-1.3409704424111877,0.2703755117562076,0.2545520099689864,1,1,1
1,-0.5810938294939468,-0.8361081328730804,-1.3409704424111877,-0.11570362859504407,-0.014661922204068988,1,1,1
1,-0.5592341089089423,-0.9477167699842849,1.8338186546164272,0.504362869544845,0.41790997852059775,1,1,1
1,-0.5373743883239379,-2.2870204153187386,1.8338186546164272,0.7266508594440505,0.5734267645817317,1,1,1
1,-0.5373743883239379,-1.0593254070954894,-1.3409704424111877,0.059786889746433966,0.10752983827253623,1,1,1
1,-0.5373743883239379,-0.7244994957618759,0.2464241061026197,2.0627186724171698,2.0572071929360174,1,1,1
1,-0.5373743883239379,-0.6128908586506715,-1.3409704424111877,2.1539737419547387,-0.4968946453684257,1,1,1
1,-0.5373743883239379,-0.3896735844282625,1.8338186546164272,-0.02210868547958912,0.050681265216575545,1,1,1
1,-0.5373743883239379,2.1773250691294406,-1.3409704424111877,2.1539737419547387,0.0421866508518917,1,1,1
1,-0.5155146677389334,-1.5057599555403074,-1.3409704424111877,0.07148625763586583,0.11602445263722008,1,1,1
1,-0.5155146677389334,-1.3941513184291028,1.8338186546164272,-0.04550742125845286,0.03434546836141441,1,1,1
1,-0.5155146677389334,-0.8361081328730804,-1.3409704424111877,0.2703755117562076,0.2545520099689864,1,1,1
1,-0.5155146677389334,-0.8361081328730804,-1.3409704424111877,0.44586603009768566,0.3773972023197981,1,1,1
1,-0.5155146677389334,-0.278064947317058,1.8338186546164272,-0.3145928827153859,1.904467492340261,1,1,1
1,-0.493654947153929,-1.8405858668739208,1.8338186546164272,-0.4900834010568639,-0.27603467188664715,1,1,1
1,-0.47179522656892453,-0.8361081328730804,-1.3409704424111877,-0.39648845794140897,-0.21069148446600258,1,1,1
1,-0.47179522656892453,-0.6128908586506715,1.8338186546164272,0.7512195320118574,0.5904159933110994,1,1,1
1,-0.38435634422890674,-0.8361081328730804,1.8338186546164272,0.8904420098960967,0.6877773425678596,1,1,1
1,-0.38435634422890674,-0.1664563102058535,-1.3409704424111877,-0.01040931759015725,0.05852244770705284,1,1,1
1,-0.38435634422890674,2.1773250691294406,1.8338186546164272,-0.26779541115765837,-0.12117131769971963,1,1,1
1,-0.3406369030588979,-1.7289772297627164,1.8338186546164272,0.38736919065052633,0.3362309942447921,1,1,1
1,-0.3406369030588979,-1.2825426813178984,-1.3409704424111877,-0.39648845794140897,-0.21069148446600258,1,1,1
1,-0.3187771824738934,0.7264127866837824,1.0401213803595233,2.1539737419547387,2.0572071929360174,1,1,1
1,-0.296917461888889,-0.6128908586506715,-1.3409704424111877,-0.34969098638368146,-0.1780198907556803,1,1,1
1,-0.27505774130388455,2.1773250691294406,1.8338186546164272,1.4520116685888265,1.0798364670917269,1,1,1
1,-0.2094785795488712,-1.0593254070954894,-1.3409704424111877,-0.3730897221625452,-0.19435568761084146,1,1,1
1,-0.2094785795488712,2.1773250691294406,-1.3409704424111877,0.4224672943188219,0.36106140546463694,1,1,1
1,-0.1657591383788623,-0.8361081328730804,1.8338186546164272,-0.36607010142888613,-0.18978166449139644,1,1,1
1,-0.1657591383788623,0.6148041495725779,1.8338186546164272,0.504362869544845,0.41790997852059775,1,1,1
1,-0.1657591383788623,1.0612386980173958,1.8338186546164272,0.8904420098960967,0.6877773425678596,1,1,1
1,-0.14389941779385787,-0.8361081328730804,1.8338186546164272,-0.65387455150891,-0.3903852498727751,1,1,1
1,-0.14389941779385787,-0.054847673094649024,1.8338186546164272,0.7968470667806418,0.6224341551472151,1,1,1
1,-0.14389941779385787,1.6192818835734182,1.8338186546164272,1.311619253915644,0.98182168596076,1,1,1
1,-0.12203969720885341,-1.1709340442066938,1.8338186546164272,0.30547361542450324,0.2793824211888314,1,1,1
1,-0.10017997662384896,-1.2825426813178984,-1.3409704424111877,0.504362869544845,0.41790997852059775,1,1,1
1,-0.10017997662384896,-0.278064947317058,1.8338186546164272,2.1539737419547387,2.0572071929360174,1,1,1
1,-0.10017997662384896,0.5031955124613734,1.8338186546164272,1.5456066117042813,1.1451796545123714,1,1,1
1,-0.03460081486883563,-0.7244994957618759,1.8338186546164272,0.2703755117562076,0.2545520099689864,1,1,1
1,0.009118626301173266,-1.5057599555403074,1.8338186546164272,1.042533792458711,0.7936333061893038,1,1,1
1,0.009118626301173266,-0.9477167699842849,0.2464241061026197,1.8310711882064188,2.0572071929360174,1,1,1
1,0.009118626301173266,1.2844559722398048,1.8338186546164272,-0.35203085996156785,-0.17998018637829974,1,1,1
1,0.09655750864119106,-1.0593254070954894,1.8338186546164272,0.7512195320118574,0.5904159933110994,1,1,1
1,0.09655750864119106,-0.501282221539467,-1.3409704424111877,0.504362869544845,0.41790997852059775,1,1,1
1,0.14027694981119995,-0.278064947317058,1.8338186546164272,0.30547361542450324,0.2793824211888314,1,1,1
1,0.16213667039620439,2.1773250691294406,1.8338186546164272,-0.34969098638368146,-0.1780198907556803,1,1,1
1,0.20585611156621328,-1.5057599555403074,-1.3409704424111877,1.030834424569279,0.7857921236988265,1,1,1
1,0.20585611156621328,-0.1664563102058535,1.8338186546164272,1.3701160933628034,1.0223344621615598,1,1,1
1,0.33701443507623996,0.16836960112775995,1.0401213803595233,1.1127299997953022,0.8426406967547873,1,1,1
1,0.3588741556612444,-1.8405858668739208,1.8338186546164272,0.2797350060677531,0.26108632871105086,1,1,1
1,0.4025935968312533,-2.2870204153187386,1.0401213803595233,2.1539737419547387,2.0572071929360174,1,1,1
1,0.4463130380012622,-1.8405858668739208,-1.3409704424111877,0.8319451704489373,0.6466111344928537,1,1,1
1,0.4463130380012622,-0.3896735844282625,1.8338186546164272,0.504362869544845,0.41790997852059775,1,1,1
1,0.4900324791712711,-0.3896735844282625,1.8338186546164272,1.7912933373823505,1.31637880555446,1,1,1
1,0.7086296850213155,-0.1664563102058535,-1.3409704424111877,1.1829262071318933,0.8916480873202707,1,1,1
1,0.7960685673613334,2.1773250691294406,-1.3409704424111877,2.1539737419547387,1.9495542916605055,1,1,1
1,0.9053671702863556,-0.6128908586506715,1.8338186546164272,0.7968470667806418,0.6224341551472151,1,1,1
1,0.92722689087136,2.1773250691294406,1.8338186546164272,0.09488499341472957,0.1323602494923812,1,1,1
1,0.9928060526263733,-2.1754117782075344,1.8338186546164272,0.14168246497245704,0.16503184320270348,1,1,1
1,1.364421302571449,-1.0593254070954894,1.8338186546164272,0.504362869544845,0.41790997852059775,1,1,1
1,2.085792081876596,-1.7289772297627164,1.8338186546164272,2.1539737419547387,2.0572071929360174,1,1,1
1,2.085792081876596,-1.6173685926515118,1.0401213803595233,2.1539737419547387,2.0572071929360174,1,1,1
1,2.085792081876596,-1.5057599555403074,1.8338186546164272,2.1539737419547387,2.0572071929360174,1,1,1
1,2.085792081876596,-1.3941513184291028,1.8338186546164272,2.1539737419547387,2.0572071929360174,2,2,2
1,2.085792081876596,-1.2825426813178984,1.0401213803595233,2.1539737419547387,2.0572071929360174,1,1,1
1,2.085792081876596,-1.1709340442066938,1.8338186546164272,2.1539737419547387,2.0572071929360174,1,1,1
1,2.085792081876596,-1.0593254070954894,0.2464241061026197,1.0893312640164385,-0.7582673950510038,1,1,1
1,2.085792081876596,-1.0593254070954894,1.8338186546164272,2.1539737419547387,2.0572071929360174,2,2,2
1,2.085792081876596,-0.9477167699842849,1.8338186546164272,2.1539737419547387,2.0572071929360174,3,3,3
1,2.085792081876596,-0.8361081328730804,1.8338186546164272,2.1539737419547387,2.0572071929360174,1,1,1
1,2.085792081876596,-0.7244994957618759,1.8338186546164272,2.1539737419547387,2.0572071929360174,3,3,3
1,2.085792081876596,-0.6128908586506715,1.8338186546164272,2.1539737419547387,2.0572071929360174,4,4,4
1,2.085792081876596,-0.501282221539467,1.8338186546164272,2.1539737419547387,2.0572071929360174,1,1,1
1,2.085792081876596,-0.3896735844282625,1.0401213803595233,2.1539737419547387,2.0572071929360174,1,1,1
1,2.085792081876596,-0.3896735844282625,1.8338186546164272,2.1539737419547387,2.0572071929360174,2,2,2
1,2.085792081876596,-0.1664563102058535,1.8338186546164272,2.1539737419547387,2.0572071929360174,3,3,3
1,2.085792081876596,-0.054847673094649024,1.0401213803595233,2.1539737419547387,2.0572071929360174,1,1,1
1,2.085792081876596,-0.054847673094649024,1.8338186546164272,2.1539737419547387,2.0572071929360174,5,5,5
1,2.085792081876596,0.05676096401655546,1.8338186546164272,2.1539737419547387,2.0572071929360174,3,3,3
1,2.085792081876596,0.16836960112775995,1.0401213803595233,2.1539737419547387,1.1366850401476876,1,1,1
1,2.085792081876596,0.16836960112775995,1.0401213803595233,2.1539737419547387,2.0572071929360174,1,1,1
1,2.085792081876596,0.16836960112775995,1.8338186546164272,2.1539737419547387,1.8717958986299386,1,1,1
1,2.085792081876596,0.16836960112775995,1.8338186546164272,2.1539737419547387,2.0572071929360174,2,2,2
1,2.085792081876596,0.3915868753501689,0.2464241061026197,1.0893312640164385,-0.7582673950510038,1,1,1
1,2.085792081876596,0.3915868753501689,1.8338186546164272,2.1539737419547387,2.0572071929360174,2,2,2
1,2.085792081876596,0.5031955124613734,1.8338186546164272,2.1539737419547387,2.0572071929360174,1,1,1
1,2.085792081876596,0.7264127866837824,1.8338186546164272,2.1539737419547387,2.0572071929360174,2,2,2
1,2.085792081876596,0.9496300609061913,1.0401213803595233,2.1539737419547387,2.0572071929360174,1,1,1
1,2.085792081876596,0.9496300609061913,1.8338186546164272,2.1539737419547387,2.0572071929360174,3,3,3
1,2.085792081876596,1.0612386980173958,1.0401213803595233,2.1539737419547387,2.0572071929360174,1,1,1
1,2.085792081876596,1.1728473351286004,1.8338186546164272,2.1539737419547387,2.0572071929360174,3,3,3
1,2.085792081876596,1.2844559722398048,1.8338186546164272,2.1539737419547387,2.0572071929360174,1,1,1
1,2.085792081876596,1.3960646093510092,1.8338186546164272,2.1539737419547387,2.0572071929360174,1,1,1
1,2.085792081876596,1.5076732464622138,1.8338186546164272,2.1539737419547387,2.0572071929360174,2,2,2
1,2.085792081876596,1.6192818835734182,1.8338186546164272,2.1539737419547387,2.0572071929360174,1,1,1
1,2.085792081876596,1.9541077949070318,1.8338186546164272,2.1539737419547387,2.0572071929360174,2,2,2
1,2.085792081876596,2.1773250691294406,1.0401213803595233,2.1539737419547387,2.0572071929360174,1,1,1
1,2.085792081876596,2.1773250691294406,1.8338186546164272,2.1539737419547387,2.0572071929360174,5,5,5
